"","nursery_id","plot_id","x","y","FID","lr","byd","yield_st","sgc_la","yield_la"
"1","60",1,2,1,1,3,5,32.6,4,35.7
"2","60",10,11,1,10,NA,2,29.7,1,30.3
"3","60",100,2,10,559,2,1,33.8,3,46.5
"4","60",101,2,11,621,3,3,20.8,3,41.4
"5","60",102,3,11,622,2,2,21.5,1,24.2
"6","60",103,4,11,623,2,4,29.9,0,42
"7","60",104,5,11,624,1,1,34.3,1,55.3
"8","60",105,6,11,625,2,2,40.9,1,53.3
"9","60",106,7,11,626,2,1,36.3,2,49.2
"10","60",107,8,11,627,4,1,44.1,3,45.5
"11","60",108,9,11,628,NA,2,44.9,2,57.7
"12","60",109,10,11,629,5,2,33.2,4,48.5
"13","60",11,11,2,72,NA,3,26.3,1,47.3
"14","60",110,11,11,630,3,2,36.6,1,53.9
"15","60",111,11,12,692,3,2,30.1,2,51.1
"16","60",112,10,12,691,NA,3,30.8,3,45.6
"17","60",113,9,12,690,4,1,47.3,4,45.6
"18","60",114,8,12,689,3,4,31.3,4,42.5
"19","60",115,7,12,688,2,2,38.7,4,46.6
"20","60",116,6,12,687,3,2,39.9,0,59.2
"21","60",117,5,12,686,2,3,35.6,0,52.5
"22","60",118,4,12,685,1,4,33.5,1,49.8
"23","60",119,3,12,684,3,4,29.3,5,32.9
"24","60",12,10,2,71,1,2,43.4,1,53.6
"25","60",120,2,12,683,4,4,20.9,1,65.4
"26","60",121,2,13,745,1,2,36.3,4,51.9
"27","60",122,3,13,746,3,1,28.1,1,58.6
"28","60",123,4,13,747,NA,1,48,6,37.1
"29","60",124,5,13,748,4,4,24.8,6,24.4
"30","60",125,6,13,749,NA,5,31,0,62.9
"31","60",126,7,13,750,NA,2,43,4,47.2
"32","60",127,8,13,751,1,4,33,1,61.7
"33","60",128,9,13,752,2,2,33.7,2,53.9
"34","60",129,10,13,753,NA,3,34.5,0,60.8
"35","60",13,9,2,70,NA,3,51.4,2,45.8
"36","60",130,11,13,754,NA,3,40.9,3,42.1
"37","60",131,11,14,816,NA,3,21.1,1,37.8
"38","60",132,10,14,815,1,1,45.6,2,63.5
"39","60",133,9,14,814,2,1,44.6,1,42.7
"40","60",134,8,14,813,2,2,40.7,1,53.3
"41","60",135,7,14,812,1,1,47.7,3,52.2
"42","60",136,6,14,811,3,1,44.4,3,47.7
"43","60",137,5,14,810,2,1,48.1,4,44
"44","60",138,4,14,809,NA,5,28.7,2,40.7
"45","60",139,3,14,808,NA,4,23.8,1,45.5
"46","60",14,8,2,69,1,2,32.4,1,54.7
"47","60",140,2,14,807,NA,3,24.3,2,42.4
"48","60",141,2,15,869,1,2,28.7,4,49.1
"49","60",142,3,15,870,1,3,27,4,45.2
"50","60",143,4,15,871,1,1,50.9,2,51
"51","60",144,5,15,872,NA,1,44.8,1,46.5
"52","60",145,6,15,873,1,0,47.3,2,50.5
"53","60",146,7,15,874,2,1,41.6,1,58.6
"54","60",147,8,15,875,1,1,54,2,56.8
"55","60",148,9,15,876,NA,2,29.6,3,39.1
"56","60",149,10,15,877,2,2,44.2,3,58.6
"57","60",15,7,2,68,3,5,32.9,5,32
"58","60",150,11,15,878,2,1,47.2,1,61.6
"59","60",151,11,16,940,3,1,46.5,2,55.7
"60","60",152,10,16,939,2,1,49.7,4,55.6
"61","60",153,9,16,938,NA,2,44.8,1,45.2
"62","60",154,8,16,937,2,1,45.1,1,58.5
"63","60",155,7,16,936,3,2,32.1,4,43.6
"64","60",156,6,16,935,4,1,35.5,3,36.5
"65","60",157,5,16,934,3,1,42,5,28
"66","60",158,4,16,933,NA,3,23.3,1,57.2
"67","60",159,3,16,932,2,4,22.4,1,39.1
"68","60",16,6,2,67,4,5,34.3,6,30.9
"69","60",160,2,16,931,3,3,23,3,42.5
"70","60",161,2,17,993,NA,4,13.7,2,24.1
"71","60",162,3,17,994,3,5,27.8,3,39.3
"72","60",163,4,17,995,2,3,40.6,3,38.6
"73","60",164,5,17,996,NA,1,44.8,1,58.7
"74","60",165,6,17,997,1,2,43.1,2,55.7
"75","60",166,7,17,998,4,1,38.2,5,41.4
"76","60",167,8,17,999,3,2,37.9,1,71.3
"77","60",168,9,17,1000,3,2,35.8,0,71.7
"78","60",169,10,17,1001,2,2,33.9,3,46.2
"79","60",17,5,2,66,1,4,35,0,53.3
"80","60",170,11,17,1002,3,2,34.2,2,46.7
"81","60",171,11,18,1064,NA,2,30.2,1,56.6
"82","60",172,10,18,1063,1,2,34,5,40.7
"83","60",173,9,18,1062,2,1,34.5,1,49.1
"84","60",174,8,18,1061,NA,2,39.4,2,63.8
"85","60",175,7,18,1060,3,2,40.7,2,48.5
"86","60",176,6,18,1059,1,2,36.6,2,61
"87","60",177,5,18,1058,3,5,31.3,4,34
"88","60",178,4,18,1057,3,3,32.8,5,41.3
"89","60",179,3,18,1056,3,4,16.2,4,30.6
"90","60",18,4,2,65,2,4,38.9,1,64.6
"91","60",180,2,18,1055,1,3,25.3,1,52.9
"92","60",181,2,19,1117,3,2,19.8,2,48.2
"93","60",182,3,19,1118,NA,3,34.7,0,55.9
"94","60",183,4,19,1119,5,6,24.2,2,57.7
"95","60",184,5,19,1120,NA,4,36.2,0,45.5
"96","60",185,6,19,1121,3,2,38.7,0,63.4
"97","60",186,7,19,1122,NA,3,28,0,51.8
"98","60",187,8,19,1123,NA,3,29.6,1,68.5
"99","60",188,9,19,1124,NA,2,43.7,0,50.9
"100","60",189,10,19,1125,1,2,43.3,3,45.8
"101","60",19,3,2,64,NA,4,38.3,1,47.8
"102","60",190,11,19,1126,NA,1,42.6,2,50.6
"103","60",191,11,20,1188,2,1,28,2,39.1
"104","60",192,10,20,1187,NA,1,47.1,3,41.6
"105","60",193,9,20,1186,2,2,38.4,3,24.1
"106","60",194,8,20,1185,3,3,21.6,3,42.6
"107","60",195,7,20,1184,4,1,34.2,2,50
"108","60",196,6,20,1183,4,1,31.8,1,45.4
"109","60",197,5,20,1182,4,2,36,2,36.7
"110","60",198,4,20,1181,2,3,30.6,0,36.2
"111","60",199,3,20,1180,4,4,24.8,2,30.4
"112","60",2,3,1,2,4,3,28,2,67.5
"113","60",20,2,2,63,2,3,19.2,2,60.8
"114","60",200,2,20,1179,2,2,17.2,0,50.6
"115","60",201,2,21,1241,3,4,10.7,1,52.2
"116","60",202,3,21,1242,2,4,25.5,2,36.9
"117","60",203,4,21,1243,2,3,31.9,3,45.6
"118","60",204,5,21,1244,3,3,43.1,3,28.9
"119","60",205,6,21,1245,NA,2,34.6,0,54
"120","60",206,7,21,1246,4,3,25.7,4,40.9
"121","60",207,8,21,1247,3,3,20.6,4,45.6
"122","60",208,9,21,1248,3,5,28.1,5,34.1
"123","60",21,2,3,125,1,5,18,4,39.4
"124","60",22,3,3,126,2,4,25.5,1,40.7
"125","60",23,4,3,127,4,3,27.5,6,30.8
"126","60",24,5,3,128,2,3,27.8,1,51.3
"127","60",25,6,3,129,3,3,43.1,1,62
"128","60",26,7,3,130,2,2,33.8,1,44.9
"129","60",27,8,3,131,2,2,45.4,0,62.9
"130","60",28,9,3,132,2,1,55.1,1,45.5
"131","60",29,10,3,133,2,4,30.2,0,54.1
"132","60",3,4,1,3,2,5,28.2,1,46.1
"133","60",30,11,3,134,3,2,33.6,3,51.2
"134","60",31,11,4,196,1,2,41.2,0,55.8
"135","60",32,10,4,195,3,5,29.6,3,32.1
"136","60",33,9,4,194,2,4,42.9,1,49.3
"137","60",34,8,4,193,1,4,45.8,1,48.3
"138","60",35,7,4,192,NA,2,29.7,3,35.3
"139","60",36,6,4,191,3,4,30.7,1,46.4
"140","60",37,5,4,190,NA,4,35.9,0,33.6
"141","60",38,4,4,189,3,6,35.9,1,26.2
"142","60",39,3,4,188,4,4,32.4,0,31
"143","60",4,5,1,4,NA,2,34.4,1,58.8
"144","60",40,2,4,187,NA,6,25.3,0,29.4
"145","60",41,2,5,249,1,4,25.6,0,52
"146","60",42,3,5,250,1,4,35.5,1,42.6
"147","60",43,4,5,251,NA,1,37,1,50
"148","60",44,5,5,252,1,3,32.1,0,51.9
"149","60",45,6,5,253,NA,3,35.9,0,52.3
"150","60",46,7,5,254,1,3,28.1,3,36.7
"151","60",47,8,5,255,2,4,35.6,3,47.8
"152","60",48,9,5,256,NA,1,36.9,3,29.6
"153","60",49,10,5,257,NA,2,35.2,1,45.7
"154","60",5,6,1,5,1,3,35.9,1,50.1
"155","60",50,11,5,258,2,3,31.5,1,44.3
"156","60",51,11,6,320,2,2,35.7,0,41.2
"157","60",52,10,6,319,2,4,36,3,35.5
"158","60",53,9,6,318,NA,2,31.3,1,39.9
"159","60",54,8,6,317,3,3,35.4,1,53.9
"160","60",55,7,6,316,1,3,29,2,51.2
"161","60",56,6,6,315,3,4,33.2,2,49.5
"162","60",57,5,6,314,1,2,26.2,5,32
"163","60",58,4,6,313,NA,5,20.9,4,21.3
"164","60",59,3,6,312,NA,4,28.5,0,49.3
"165","60",6,7,1,6,1,2,47.5,3,47.8
"166","60",60,2,6,311,NA,3,23.5,1,52.2
"167","60",61,2,7,373,NA,2,33.3,2,43.5
"168","60",62,3,7,374,NA,1,44.1,1,35.5
"169","60",63,4,7,375,NA,3,31.1,2,35.7
"170","60",64,5,7,376,2,1,40.5,3,43.1
"171","60",65,6,7,377,NA,0,49.6,2,46.9
"172","60",66,7,7,378,3,2,32.8,5,37.6
"173","60",67,8,7,379,NA,3,44.5,0,57.4
"174","60",68,9,7,380,2,3,32,2,37.5
"175","60",69,10,7,381,NA,4,32.4,1,46.3
"176","60",7,8,1,7,NA,4,33.3,1,39.2
"177","60",70,11,7,382,NA,4,32.7,0,56.8
"178","60",71,11,8,444,NA,3,39.6,1,47
"179","60",72,10,8,443,NA,2,41.6,1,47
"180","60",73,9,8,442,NA,3,41.9,2,46.9
"181","60",74,8,8,441,3,3,44.3,1,55.6
"182","60",75,7,8,440,NA,1,33.4,0,58.7
"183","60",76,6,8,439,1,2,46.7,2,54.8
"184","60",77,5,8,438,3,5,43.2,2,34.8
"185","60",78,4,8,437,2,2,40.4,4,34.9
"186","60",79,3,8,436,NA,4,33.2,1,31.8
"187","60",8,9,1,8,NA,1,51.6,2,59.7
"188","60",80,2,8,435,1,3,31.8,1,47.8
"189","60",81,2,9,497,1,4,27.7,1,47
"190","60",82,3,9,498,1,2,32.1,1,47.7
"191","60",83,4,9,499,NA,3,41.4,1,48.5
"192","60",84,5,9,500,2,2,40.7,2,54.9
"193","60",85,6,9,501,2,3,36.5,2,54.4
"194","60",86,7,9,502,1,1,46.4,3,64.4
"195","60",87,8,9,503,3,2,47.3,1,73.3
"196","60",88,9,9,504,NA,1,44.1,1,54.2
"197","60",89,10,9,505,NA,1,44.2,3,50.5
"198","60",9,10,1,9,NA,1,44.3,1,47.9
"199","60",90,11,9,506,1,2,40.9,2,45.6
"200","60",91,11,10,568,NA,1,39.6,0,53.1
"201","60",92,10,10,567,NA,2,43.3,3,49.3
"202","60",93,9,10,566,1,3,37.8,1,51.7
"203","60",94,8,10,565,1,1,48.7,1,46.7
"204","60",95,7,10,564,2,0,49.5,2,43.3
"205","60",96,6,10,563,3,1,42.8,1,51.7
"206","60",97,5,10,562,5,3,33,0,52.8
"207","60",98,4,10,561,4,3,32.3,2,57.7
"208","60",99,3,10,560,4,4,22.8,5,34.1
"209","61",1,2,22,1303,NA,1,33.5,1,29.5
"210","61",10,11,22,1312,1,3,33.6,3,61.3
"211","61",100,2,31,1861,NA,1,36.8,2,34.3
"212","61",101,2,32,1923,1,3,33.1,2,24.1
"213","61",102,3,32,1924,NA,4,27.6,4,6.8
"214","61",103,4,32,1925,1,5,26.5,3,11.4
"215","61",104,5,32,1926,1,4,27,3,33.7
"216","61",105,6,32,1927,NA,3,24.6,2,29.1
"217","61",106,7,32,1928,NA,3,32.3,4,44.4
"218","61",107,8,32,1929,1,1,36,3,36.7
"219","61",108,9,32,1930,1,2,42.5,1,51
"220","61",109,10,32,1931,NA,3,45.9,5,29.7
"221","61",11,11,23,1374,1,1,46,2,51.6
"222","61",110,11,32,1932,NA,3,33.8,6,35.4
"223","61",111,11,33,1994,NA,2,31.8,6,28.2
"224","61",112,10,33,1993,NA,2,39.9,5,28
"225","61",113,9,33,1992,NA,2,35.8,2,34.8
"226","61",114,8,33,1991,NA,2,42.2,2,24.7
"227","61",115,7,33,1990,2,3,29.5,3,24.7
"228","61",116,6,33,1989,1,4,34.1,3,16.2
"229","61",117,5,33,1988,1,3,21.5,3,28
"230","61",118,4,33,1987,1,3,24.5,3,18.7
"231","61",119,3,33,1986,NA,4,6.3,3,26.3
"232","61",12,10,23,1373,NA,2,40,3,39.7
"233","61",120,2,33,1985,NA,3,25.7,1,26.7
"234","61",121,2,34,2047,NA,1,34.2,3,18.9
"235","61",122,3,34,2048,NA,4,33.9,4,29.3
"236","61",123,4,34,2049,NA,1,39,1,33.1
"237","61",124,5,34,2050,NA,0,40.1,3,38.8
"238","61",125,6,34,2051,NA,1,39.2,2,53.4
"239","61",126,7,34,2052,NA,0,47.7,2,35.7
"240","61",127,8,34,2053,NA,0,40.8,3,42.4
"241","61",128,9,34,2054,1,3,44.7,2,45.4
"242","61",129,10,34,2055,NA,2,32.6,2,16.3
"243","61",13,9,23,1372,NA,1,45,2,50
"244","61",130,11,34,2056,NA,1,33,3,31
"245","61",131,11,35,2118,1,0,56,1,37.3
"246","61",132,10,35,2117,NA,1,43.6,2,23.7
"247","61",133,9,35,2116,NA,2,45.5,3,26.8
"248","61",134,8,35,2115,1,3,42.5,3,27.9
"249","61",135,7,35,2114,NA,3,39.9,2,27.5
"250","61",136,6,35,2113,NA,2,48.3,2,36.4
"251","61",137,5,35,2112,NA,5,36,2,26
"252","61",138,4,35,2111,1,4,46.8,1,42
"253","61",139,3,35,2110,NA,3,49.1,2,26.8
"254","61",14,8,23,1371,1,2,45.9,4,37.9
"255","61",140,2,35,2109,2,1,25.4,2,17.4
"256","61",141,2,36,2171,1,3,27.2,3,13.6
"257","61",142,3,36,2172,1,4,27.8,2,19.8
"258","61",143,4,36,2173,2,3,21.6,3,18.6
"259","61",144,5,36,2174,1,3,36.2,2,23.4
"260","61",145,6,36,2175,1,3,43.8,2,27.5
"261","61",146,7,36,2176,2,4,34.3,3,24.4
"262","61",147,8,36,2177,1,1,28.8,2,21.2
"263","61",148,9,36,2178,1,0,52.2,2,42
"264","61",149,10,36,2179,2,4,34.2,2,36.6
"265","61",15,7,23,1370,1,2,43.9,4,44.4
"266","61",150,11,36,2180,2,0,53.7,1,22
"267","61",151,11,37,2242,1,2,28.4,3,24.2
"268","61",152,10,37,2241,1,3,37.7,2,32.2
"269","61",153,9,37,2240,1,1,42.4,2,31.4
"270","61",154,8,37,2239,NA,0,43.1,2,16.8
"271","61",155,7,37,2238,NA,0,52.6,2,31.6
"272","61",156,6,37,2237,NA,0,51.2,2,29.1
"273","61",157,5,37,2236,NA,0,53,3,29.6
"274","61",158,4,37,2235,1,1,49.1,2,18
"275","61",159,3,37,2234,NA,2,40.7,2,17.9
"276","61",16,6,23,1369,1,3,32.7,4,34.9
"277","61",160,2,37,2233,1,2,31,2,18.7
"278","61",161,2,38,2295,NA,2,33.3,2,25
"279","61",162,3,38,2296,NA,2,37.2,1,21.3
"280","61",163,4,38,2297,NA,2,39.5,2,24.9
"281","61",164,5,38,2298,NA,4,43.6,2,22.7
"282","61",165,6,38,2299,1,2,53.2,2,32.6
"283","61",166,7,38,2300,NA,1,51.8,2,31
"284","61",167,8,38,2301,NA,3,48.1,1,31.5
"285","61",168,9,38,2302,NA,2,53.7,2,29.5
"286","61",169,10,38,2303,NA,1,40.9,2,23.3
"287","61",17,5,23,1368,3,1,48.3,4,34.7
"288","61",170,11,38,2304,3,3,33,2,23.1
"289","61",171,11,39,2366,NA,2,36.8,2,28.7
"290","61",172,10,39,2365,1,4,28.7,3,21.7
"291","61",173,9,39,2364,NA,2,36.9,2,20.6
"292","61",174,8,39,2363,4,3,41,2,16.2
"293","61",175,7,39,2362,NA,2,49.5,2,12
"294","61",176,6,39,2361,1,1,42.8,2,32.4
"295","61",177,5,39,2360,3,5,31.4,4,17.3
"296","61",178,4,39,2359,2,4,38.1,3,16.7
"297","61",179,3,39,2358,NA,5,19.9,2,22.4
"298","61",18,4,23,1367,2,1,33.7,2,28.9
"299","61",180,2,39,2357,1,3,26.2,2,17.7
"300","61",181,13,1,12,NA,2,36.8,3,18.3
"301","61",182,14,1,13,1,2,33.2,2,15.2
"302","61",183,15,1,14,1,2,46.9,2,27.8
"303","61",184,16,1,15,NA,3,46.7,2,34.1
"304","61",185,17,1,16,NA,2,35.4,1,28.9
"305","61",186,18,1,17,NA,3,34.1,2,31.7
"306","61",187,19,1,18,NA,2,32.4,1,24.7
"307","61",188,20,1,19,NA,4,38.4,3,26.5
"308","61",189,21,1,20,NA,1,47,0,28
"309","61",19,3,23,1366,2,1,40.3,4,36.7
"310","61",190,22,1,21,NA,2,45.6,3,23
"311","61",191,22,2,83,1,2,33.6,1,30.2
"312","61",192,21,2,82,NA,2,34.1,3,19.8
"313","61",193,20,2,81,2,1,45.2,2,28.7
"314","61",194,19,2,80,NA,2,42.8,2,28.8
"315","61",195,18,2,79,NA,3,32.2,2,39.5
"316","61",196,17,2,78,1,2,41.1,1,35.4
"317","61",197,16,2,77,NA,1,50,2,34.4
"318","61",198,15,2,76,NA,3,43.1,2,37.4
"319","61",199,14,2,75,NA,4,34.4,2,28.1
"320","61",2,3,22,1304,NA,3,30.6,3,32.7
"321","61",20,2,23,1365,NA,5,24.5,3,19
"322","61",200,13,2,74,NA,4,34.6,2,26.2
"323","61",201,13,3,136,NA,3,36.9,3,28
"324","61",202,14,3,137,NA,3,37.8,2,26.3
"325","61",203,15,3,138,NA,3,25.4,2,28.5
"326","61",204,16,3,139,NA,1,47.2,1,45.7
"327","61",205,17,3,140,1,1,47.4,1,49.7
"328","61",206,18,3,141,NA,2,37.2,2,51.3
"329","61",207,19,3,142,2,4,31.4,2,39.8
"330","61",208,20,3,143,NA,3,33.8,2,30.6
"331","61",209,21,3,144,NA,5,24.8,3,33.8
"332","61",21,2,24,1427,1,2,20.4,3,29.9
"333","61",210,22,3,145,1,2,30.9,3,31.3
"334","61",211,22,4,207,2,1,44.2,2,30.9
"335","61",212,21,4,206,NA,1,44.2,1,49.5
"336","61",213,20,4,205,NA,2,38.7,1,47.8
"337","61",214,19,4,204,3,4,28.9,2,46.9
"338","61",215,18,4,203,NA,3,33.3,2,47.8
"339","61",216,17,4,202,NA,1,38.4,1,51.7
"340","61",217,16,4,201,NA,2,33,2,51.6
"341","61",218,15,4,200,NA,3,33.6,2,48.1
"342","61",219,14,4,199,NA,3,35.7,2,39.2
"343","61",22,3,24,1428,1,2,36.1,2,47.3
"344","61",220,13,4,198,NA,3,30.9,2,44.9
"345","61",221,13,5,260,NA,2,42.4,2,32.2
"346","61",222,14,5,261,NA,4,37.2,2,47.5
"347","61",23,4,24,1429,1,1,33.6,2,39.1
"348","61",24,5,24,1430,2,2,48.7,3,44.3
"349","61",25,6,24,1431,1,3,25.1,2,50.6
"350","61",26,7,24,1432,NA,1,48.9,2,59.1
"351","61",27,8,24,1433,1,1,49.4,2,36.8
"352","61",28,9,24,1434,NA,1,41.9,5,34
"353","61",29,10,24,1435,1,2,34.2,3,30.9
"354","61",3,4,22,1305,1,3,42.9,3,25
"355","61",30,11,24,1436,3,1,38.7,5,19.6
"356","61",31,11,25,1498,3,1,25.8,4,42.5
"357","61",32,10,25,1497,3,2,29.2,3,29.5
"358","61",33,9,25,1496,1,2,35.5,3,37.7
"359","61",34,8,25,1495,NA,4,28.6,1,44.1
"360","61",35,7,25,1494,NA,4,28.5,1,56.6
"361","61",36,6,25,1493,2,3,33.1,4,36.1
"362","61",37,5,25,1492,2,4,39.8,1,61.1
"363","61",38,4,25,1491,1,5,39.8,3,46.6
"364","61",39,3,25,1490,1,4,31,2,55.6
"365","61",4,5,22,1306,2,2,40.9,2,46.4
"366","61",40,2,25,1489,NA,3,26,2,42.6
"367","61",41,2,26,1551,NA,2,32.5,2,42.9
"368","61",42,3,26,1552,NA,2,49,1,41.9
"369","61",43,4,26,1553,1,2,47,1,39.4
"370","61",44,5,26,1554,1,4,40.2,1,48.1
"371","61",45,6,26,1555,3,2,35,3,55.8
"372","61",46,7,26,1556,1,3,34.1,1,60.8
"373","61",47,8,26,1557,3,3,36.7,1,55.1
"374","61",48,9,26,1558,1,4,32.3,2,56.2
"375","61",49,10,26,1559,3,2,15.8,1,55.8
"376","61",5,6,22,1307,1,2,55.7,3,52.5
"377","61",50,11,26,1560,1,3,33.1,2,51.9
"378","61",51,11,27,1622,4,2,40.4,2,41
"379","61",52,10,27,1621,1,1,56.3,1,56.2
"380","61",53,9,27,1620,NA,3,36.6,2,28.4
"381","61",54,8,27,1619,1,2,34.3,5,30.4
"382","61",55,7,27,1618,NA,3,33.6,3,48.4
"383","61",56,6,27,1617,1,2,32.9,2,37.6
"384","61",57,5,27,1616,NA,0,43.4,1,56.3
"385","61",58,4,27,1615,NA,2,36.1,2,41.9
"386","61",59,3,27,1614,NA,2,37.7,3,47.4
"387","61",6,7,22,1308,1,3,44.6,2,50.2
"388","61",60,2,27,1613,NA,4,27,0,48.5
"389","61",61,2,28,1675,1,2,31.5,2,39.5
"390","61",62,3,28,1676,NA,1,36,1,50.8
"391","61",63,4,28,1677,NA,3,31.2,2,46.1
"392","61",64,5,28,1678,1,1,4.5,2,47.6
"393","61",65,6,28,1679,1,2,45.3,2,52
"394","61",66,7,28,1680,2,1,41.3,2,57.3
"395","61",67,8,28,1681,1,3,31.3,3,45.4
"396","61",68,9,28,1682,NA,2,39.9,4,45.5
"397","61",69,10,28,1683,1,2,48.4,2,41.9
"398","61",7,8,22,1309,1,1,30.7,0,54.8
"399","61",70,11,28,1684,1,1,43.9,2,40.2
"400","61",71,11,29,1746,1,2,29.8,4,39.6
"401","61",72,10,29,1745,1,1,54,2,59.9
"402","61",73,9,29,1744,2,3,32.8,6,34.6
"403","61",74,8,29,1743,NA,1,41.3,2,49.6
"404","61",75,7,29,1742,2,4,32.6,3,36.9
"405","61",76,6,29,1741,3,2,32.9,3,41.4
"406","61",77,5,29,1740,1,4,42.1,3,37.5
"407","61",78,4,29,1739,1,1,44.1,2,38.5
"408","61",79,3,29,1738,NA,3,31.6,5,38.2
"409","61",8,9,22,1310,2,3,34.3,4,45.6
"410","61",80,2,29,1737,NA,3,25,2,37.2
"411","61",81,2,30,1799,NA,2,28.4,3,30.9
"412","61",82,3,30,1800,NA,2,34.4,2,37.9
"413","61",83,4,30,1801,1,2,46.6,4,35.2
"414","61",84,5,30,1802,1,3,36.3,2,43.4
"415","61",85,6,30,1803,1,2,53.8,3,51.7
"416","61",86,7,30,1804,3,2,39.6,2,40.4
"417","61",87,8,30,1805,1,3,41.9,4,50
"418","61",88,9,30,1806,1,3,33.7,2,47
"419","61",89,10,30,1807,NA,1,50.3,4,34.8
"420","61",9,10,22,1311,NA,0,50,1,53.5
"421","61",90,11,30,1808,1,0,35.1,3,38.2
"422","61",91,11,31,1870,2,2,45.1,2,50.7
"423","61",92,10,31,1869,1,2,32.2,3,36.3
"424","61",93,9,31,1868,NA,2,43.9,3,55.5
"425","61",94,8,31,1867,3,2,39.1,2,46.2
"426","61",95,7,31,1866,1,4,25.6,2,59.7
"427","61",96,6,31,1865,1,4,32.9,3,41.9
"428","61",97,5,31,1864,1,3,34.3,1,48.2
"429","61",98,4,31,1863,NA,4,30.8,2,30.8
"430","61",99,3,31,1862,1,2,28.5,3,35.6
"431","62",1,13,6,322,1,3,33.1,2,31.3
"432","62",10,22,6,331,2,3,44.5,3,31
"433","62",100,13,15,880,NA,0,62.9,0,64.8
"434","62",101,13,16,942,NA,1,52.5,4,45.2
"435","62",102,14,16,943,NA,0,47.2,3,48.4
"436","62",103,15,16,944,1,1,45.5,2,54.8
"437","62",104,16,16,945,NA,1,54.7,1,53.4
"438","62",105,17,16,946,NA,3,42.3,2,37.7
"439","62",106,18,16,947,1,1,51.9,2,53.2
"440","62",107,19,16,948,NA,1,38.4,0,50
"441","62",108,20,16,949,NA,1,41,0,49.3
"442","62",109,21,16,950,NA,0,56.5,3,51.9
"443","62",11,22,7,393,1,2,36.5,3,43.1
"444","62",110,22,16,951,NA,1,49.2,2,49.4
"445","62",111,22,17,1013,1,1,49.3,1,53.8
"446","62",112,21,17,1012,NA,1,45.9,0,50
"447","62",113,20,17,1011,NA,2,49.5,6,35.5
"448","62",114,19,17,1010,1,3,33.5,1,54.7
"449","62",115,18,17,1009,NA,1,44.4,2,59.5
"450","62",116,17,17,1008,NA,1,39.5,0,54.2
"451","62",117,16,17,1007,1,1,36.6,0,65
"452","62",118,15,17,1006,NA,0,51.5,0,45
"453","62",119,14,17,1005,NA,1,38.9,1,47
"454","62",12,21,7,392,1,3,30.3,3,27.8
"455","62",120,13,17,1004,1,3,39.1,2,55.6
"456","62",121,13,18,1066,1,3,30.6,2,48.6
"457","62",122,14,18,1067,NA,2,50.6,1,44.5
"458","62",123,15,18,1068,3,5,31.8,2,41.9
"459","62",124,16,18,1069,1,2,45.3,2,42.4
"460","62",125,17,18,1070,1,1,47.1,1,36.5
"461","62",126,18,18,1071,3,5,34,4,50.4
"462","62",127,19,18,1072,2,4,42,4,39.9
"463","62",128,20,18,1073,1,2,29.8,3,56.9
"464","62",129,21,18,1074,1,4,34.8,3,49.7
"465","62",13,20,7,391,2,4,38.3,3,36.4
"466","62",130,22,18,1075,4,3,31.8,2,42.5
"467","62",131,22,19,1137,1,2,38.6,3,45.3
"468","62",132,21,19,1136,3,3,34.2,3,54.1
"469","62",133,20,19,1135,1,4,29.9,2,57.1
"470","62",134,19,19,1134,2,3,35.2,3,44
"471","62",135,18,19,1133,2,2,37.2,2,44
"472","62",136,17,19,1132,1,1,37.2,3,46
"473","62",137,16,19,1131,2,2,42.3,2,48.3
"474","62",138,15,19,1130,3,3,41.1,2,30.6
"475","62",139,14,19,1129,NA,3,44.6,3,41.1
"476","62",14,19,7,390,1,2,34,3,31.6
"477","62",140,13,19,1128,NA,3,34.7,2,36.8
"478","62",141,13,20,1190,1,2,36.6,2,38.5
"479","62",142,14,20,1191,NA,3,41.2,2,38.8
"480","62",143,15,20,1192,NA,2,53,2,37
"481","62",144,16,20,1193,1,4,44.2,3,45.8
"482","62",145,17,20,1194,2,2,43,1,45.9
"483","62",146,18,20,1195,1,4,45.4,3,54.6
"484","62",147,19,20,1196,NA,4,37.6,2,44.8
"485","62",148,20,20,1197,NA,2,40.5,2,52
"486","62",149,21,20,1198,1,2,43.8,3,36.6
"487","62",15,18,7,389,2,2,44.8,3,26.2
"488","62",150,22,20,1199,2,4,37.9,5,30.8
"489","62",151,22,21,1261,2,1,38.2,3,48.9
"490","62",152,21,21,1260,3,1,37.8,2,54
"491","62",153,20,21,1259,3,3,36,4,34
"492","62",154,19,21,1258,NA,2,39.8,3,5.1
"493","62",155,18,21,1257,NA,4,42.8,2,57
"494","62",156,17,21,1256,1,1,41.9,4,40.1
"495","62",157,16,21,1255,2,3,43.6,2,36.3
"496","62",158,15,21,1254,2,4,44.7,4,38.1
"497","62",159,14,21,1253,NA,4,31.8,3,41.1
"498","62",16,17,7,388,2,4,29.9,4,16
"499","62",160,13,21,1252,NA,3,38.3,2,44.9
"500","62",161,13,22,1314,NA,1,50.2,3,43.9
"501","62",162,14,22,1315,2,2,44.8,4,40.1
"502","62",163,15,22,1316,1,2,38.4,5,45.1
"503","62",164,16,22,1317,1,4,38.8,3,41
"504","62",165,17,22,1318,3,2,50,0,62.2
"505","62",166,18,22,1319,2,1,46.5,2,58.9
"506","62",167,19,22,1320,1,5,30.2,5,44.2
"507","62",168,20,22,1321,3,2,26.8,4,52.3
"508","62",169,21,22,1322,1,1,43.6,2,53.8
"509","62",17,16,7,387,1,1,38.5,2,41.3
"510","62",170,22,22,1323,2,2,37.6,2,39.5
"511","62",171,22,23,1385,4,3,36,4,37.6
"512","62",172,21,23,1384,NA,2,42.6,1,57.6
"513","62",173,20,23,1383,2,3,30.1,5,36.1
"514","62",174,19,23,1382,1,2,34.9,3,53.3
"515","62",175,18,23,1381,1,3,38.5,2,45.2
"516","62",176,17,23,1380,1,2,39.6,3,47.3
"517","62",177,16,23,1379,1,1,51.4,2,45.2
"518","62",178,15,23,1378,2,2,49.9,2,42.5
"519","62",179,14,23,1377,NA,2,50.5,2,48.8
"520","62",18,15,7,386,1,4,33.5,4,29
"521","62",180,13,23,1376,NA,2,38,3,48.3
"522","62",181,13,24,1438,NA,5,21.3,2,56.4
"523","62",182,14,24,1439,NA,3,37.2,1,43.6
"524","62",183,15,24,1440,NA,2,48.2,0,55.6
"525","62",184,16,24,1441,1,3,44.7,1,40.9
"526","62",185,17,24,1442,NA,3,44.6,3,39.4
"527","62",186,18,24,1443,NA,2,41,1,54
"528","62",187,19,24,1444,NA,4,34.8,3,49.7
"529","62",188,20,24,1445,1,3,27.8,3,46.2
"530","62",189,21,24,1446,NA,3,34.8,1,61.3
"531","62",19,14,7,385,2,3,31.8,3,38.1
"532","62",190,22,24,1447,3,2,44.3,1,47.4
"533","62",191,22,25,1509,3,1,36.3,2,42.7
"534","62",192,21,25,1508,3,2,36.9,2,51.7
"535","62",193,20,25,1507,2,3,37.3,1,52.9
"536","62",194,19,25,1506,3,2,46.5,1,50.2
"537","62",195,18,25,1505,1,3,42.6,3,4.2
"538","62",196,17,25,1504,NA,4,28,2,8
"539","62",197,16,25,1503,NA,2,37.6,3,43.2
"540","62",198,15,25,1502,1,4,28.5,2,51.8
"541","62",199,14,25,1501,2,4,32.5,3,36.6
"542","62",2,14,6,323,1,5,25.5,4,36.3
"543","62",20,13,7,384,NA,5,30.6,1,41.5
"544","62",200,13,25,1500,2,1,34.4,0,44.2
"545","62",201,13,26,1562,2,3,35.4,3,5.2
"546","62",202,14,26,1563,1,1,40.2,2,56.8
"547","62",203,15,26,1564,2,2,41.8,3,48.5
"548","62",204,16,26,1565,1,4,33,3,35.7
"549","62",205,17,26,1566,1,2,52.1,1,46.4
"550","62",206,18,26,1567,1,2,37.5,6,31.6
"551","62",207,19,26,1568,NA,0,51.5,0,67.4
"552","62",208,20,26,1569,3,2,48.9,3,48.6
"553","62",209,21,26,1570,4,3,34.8,3,52.4
"554","62",21,13,8,446,2,2,38,2,46.3
"555","62",210,22,26,1571,1,2,45.1,2,35.5
"556","62",211,22,27,1633,3,1,50.3,2,45.3
"557","62",212,21,27,1632,NA,2,47.3,3,35
"558","62",213,20,27,1631,NA,2,56.2,3,32.8
"559","62",214,19,27,1630,1,1,50.1,1,42.7
"560","62",215,18,27,1629,NA,1,46.9,1,46
"561","62",216,17,27,1628,NA,1,54.3,2,51.4
"562","62",217,16,27,1627,2,3,46.2,4,37.5
"563","62",218,15,27,1626,NA,0,44.6,1,44.8
"564","62",219,14,27,1625,NA,1,46.1,2,32.5
"565","62",22,14,8,447,NA,1,46.5,2,51.7
"566","62",220,13,27,1624,1,4,31,5,4.2
"567","62",221,13,28,1686,2,3,35.4,2,61.1
"568","62",222,14,28,1687,2,2,53.8,1,53.1
"569","62",223,15,28,1688,3,5,28.3,3,41.7
"570","62",224,16,28,1689,3,1,44.3,2,51.6
"571","62",225,17,28,1690,1,2,52.4,1,49
"572","62",226,18,28,1691,3,3,45.7,2,61
"573","62",227,19,28,1692,NA,2,46.1,3,58.8
"574","62",228,20,28,1693,NA,2,48.9,4,52.5
"575","62",229,21,28,1694,4,1,53,4,49.1
"576","62",23,15,8,448,1,2,43.6,3,38.6
"577","62",230,22,28,1695,NA,1,59.2,1,64.1
"578","62",231,22,29,1757,1,2,45.9,2,52.9
"579","62",232,21,29,1756,3,2,46.3,2,47
"580","62",233,20,29,1755,1,3,50,3,41
"581","62",234,19,29,1754,NA,1,61.4,0,59
"582","62",235,18,29,1753,4,2,37.7,2,48.8
"583","62",236,17,29,1752,3,1,50.8,2,51.1
"584","62",237,16,29,1751,4,4,30.8,2,45.4
"585","62",238,15,29,1750,2,2,51.4,3,56.6
"586","62",239,14,29,1749,0,1,57.6,2,33.9
"587","62",24,16,8,449,2,4,44.3,3,38.8
"588","62",240,13,29,1748,2,3,33.1,3,47.7
"589","62",241,13,30,1810,3,3,24.6,3,49.3
"590","62",242,14,30,1811,1,2,26.3,3,41
"591","62",243,15,30,1812,2,2,37.2,2,40.1
"592","62",244,16,30,1813,3,2,31.2,3,17.5
"593","62",245,17,30,1814,3,2,50.2,1,55.1
"594","62",246,18,30,1815,3,3,29.9,4,18
"595","62",247,19,30,1816,2,1,46.6,2,44.8
"596","62",248,20,30,1817,3,3,20.7,3,27.7
"597","62",249,21,30,1818,3,3,29.3,4,36.7
"598","62",25,17,8,450,NA,3,50.4,2,37.6
"599","62",250,22,30,1819,1,1,37.7,3,38.6
"600","62",251,22,31,1881,2,1,49.9,1,49.5
"601","62",252,21,31,1880,NA,1,42.2,2,58.6
"602","62",253,20,31,1879,1,2,35.5,1,52
"603","62",254,19,31,1878,1,3,42.2,2,44.6
"604","62",255,18,31,1877,1,2,42,2,38.7
"605","62",256,17,31,1876,2,2,46.9,2,50.4
"606","62",257,16,31,1875,NA,3,41.9,3,24.5
"607","62",258,15,31,1874,2,3,32.3,3,42.2
"608","62",259,14,31,1873,2,3,35.3,2,36.3
"609","62",26,18,8,451,NA,2,40.7,2,48.5
"610","62",260,13,31,1872,2,2,37.1,2,49.5
"611","62",261,13,32,1934,NA,2,34.7,3,51.8
"612","62",262,14,32,1935,2,2,49.7,2,43.9
"613","62",263,15,32,1936,NA,0,51,2,50.7
"614","62",264,16,32,1937,NA,1,45.8,2,35.6
"615","62",265,17,32,1938,NA,2,45.8,2,36.8
"616","62",266,18,32,1939,NA,1,40,3,42.2
"617","62",267,19,32,1940,NA,2,45.2,1,62.5
"618","62",268,20,32,1941,NA,3,38.1,2,48.6
"619","62",269,21,32,1942,NA,2,40.5,3,51
"620","62",27,19,8,452,NA,3,32.2,3,33.9
"621","62",270,22,32,1943,NA,1,40.4,3,26.3
"622","62",271,22,33,2005,NA,0,55.9,2,36.4
"623","62",272,21,33,2004,3,1,35.1,3,27
"624","62",273,20,33,2003,NA,2,44.2,3,31.8
"625","62",274,19,33,2002,NA,1,5,3,53.8
"626","62",275,18,33,2001,NA,2,36.8,6,23.7
"627","62",276,17,33,2000,NA,3,44.1,5,49.9
"628","62",277,16,33,1999,2,2,42,2,43.9
"629","62",278,15,33,1998,1,3,26.5,3,37.4
"630","62",279,14,33,1997,NA,3,33.6,4,34
"631","62",28,20,8,453,NA,4,34.1,2,42.8
"632","62",280,13,33,1996,NA,4,22.1,4,26.6
"633","62",281,13,34,2058,NA,2,37.6,3,38.5
"634","62",282,14,34,2059,NA,2,43.5,1,44.6
"635","62",283,15,34,2060,NA,1,52,2,41.1
"636","62",284,16,34,2061,2,2,37.5,2,40
"637","62",285,17,34,2062,NA,1,49.5,1,43.2
"638","62",286,18,34,2063,NA,4,42.8,2,37.1
"639","62",287,19,34,2064,NA,1,44.6,1,40.7
"640","62",288,20,34,2065,NA,2,42.7,2,39.3
"641","62",289,21,34,2066,1,1,40.9,0,44.5
"642","62",29,21,8,454,1,4,37.6,3,31.4
"643","62",290,22,34,2067,NA,1,43.7,1,35.3
"644","62",291,22,35,2129,1,3,35.1,2,22.6
"645","62",292,21,35,2128,2,3,38.6,1,26.8
"646","62",293,20,35,2127,1,2,35.9,2,34
"647","62",294,19,35,2126,3,2,46.8,1,47.6
"648","62",295,18,35,2125,2,1,39.4,2,39.8
"649","62",296,17,35,2124,1,2,33.4,3,32.8
"650","62",297,16,35,2123,1,2,46.6,2,34.3
"651","62",298,15,35,2122,NA,4,44.1,2,31.8
"652","62",299,14,35,2121,NA,5,33.2,4,23.5
"653","62",3,15,6,324,1,3,34.9,1,40.9
"654","62",30,22,8,455,NA,2,39.2,4,43.6
"655","62",300,13,35,2120,NA,2,31.3,3,36.2
"656","62",301,13,36,2182,1,3,32.1,2,29.7
"657","62",302,14,36,2183,1,4,46.6,2,29.1
"658","62",303,15,36,2184,NA,3,47.1,1,39.4
"659","62",304,16,36,2185,1,4,42.4,3,24.2
"660","62",305,17,36,2186,1,1,54.3,1,39.9
"661","62",306,18,36,2187,2,1,41.9,2,33.3
"662","62",307,19,36,2188,1,3,37.6,2,24.3
"663","62",308,20,36,2189,2,3,46.8,2,35.2
"664","62",309,21,36,2190,2,2,45.3,2,30.3
"665","62",31,22,9,517,NA,2,42.3,1,49.7
"666","62",310,22,36,2191,NA,2,50.6,2,27.2
"667","62",311,22,37,2253,NA,1,58.4,1,28
"668","62",312,21,37,2252,NA,2,48.1,2,38.9
"669","62",313,20,37,2251,NA,3,49.5,2,25.9
"670","62",314,19,37,2250,NA,3,48.8,2,32.2
"671","62",315,18,37,2249,NA,3,36.3,2,29.3
"672","62",316,17,37,2248,1,4,44.3,2,33.7
"673","62",317,16,37,2247,2,4,40.6,3,28.2
"674","62",318,15,37,2246,NA,1,47.7,2,42.6
"675","62",319,14,37,2245,NA,3,47.2,2,41.1
"676","62",32,21,9,516,NA,2,36.4,2,49.6
"677","62",320,13,37,2244,NA,2,42.6,2,45.9
"678","62",321,13,38,2306,1,2,30.1,2,33.2
"679","62",322,14,38,2307,1,2,53.5,2,29.7
"680","62",33,20,9,515,NA,3,37.5,2,42
"681","62",34,19,9,514,NA,3,40.5,2,49.4
"682","62",35,18,9,513,NA,1,50.8,2,55.6
"683","62",36,17,9,512,1,3,41.2,1,48.6
"684","62",37,16,9,511,2,2,49.9,1,39.8
"685","62",38,15,9,510,3,2,41.5,2,36.6
"686","62",39,14,9,509,NA,1,59.7,2,43.1
"687","62",4,16,6,325,2,4,31.3,2,26.3
"688","62",40,13,9,508,NA,1,39.5,2,30.7
"689","62",41,13,10,570,1,0,51.6,1,42.2
"690","62",42,14,10,571,1,1,47.5,2,42.1
"691","62",43,15,10,572,1,2,47.4,2,27
"692","62",44,16,10,573,1,1,48,2,45.6
"693","62",45,17,10,574,0,1,62,1,30.7
"694","62",46,18,10,575,1,2,42,2,49.3
"695","62",47,19,10,576,2,2,49.3,2,35.1
"696","62",48,20,10,577,NA,4,40.6,1,54.8
"697","62",49,21,10,578,NA,2,41.2,2,36.6
"698","62",5,17,6,326,2,1,50.8,0,41.4
"699","62",50,22,10,579,1,3,42.7,2,49.2
"700","62",51,22,11,641,NA,2,42.5,2,56.7
"701","62",52,21,11,640,NA,3,39.9,1,42.4
"702","62",53,20,11,639,2,3,36.3,1,48.2
"703","62",54,19,11,638,2,3,43.3,3,43.4
"704","62",55,18,11,637,2,2,41,1,37.3
"705","62",56,17,11,636,1,2,42.2,2,49.1
"706","62",57,16,11,635,1,3,34.6,1,52.3
"707","62",58,15,11,634,1,4,45.3,2,43
"708","62",59,14,11,633,NA,0,46.1,1,4.9
"709","62",6,18,6,327,NA,2,36.9,2,40.3
"710","62",60,13,11,632,1,1,41.9,2,39.6
"711","62",61,13,12,694,3,4,45.2,2,37
"712","62",62,14,12,695,2,2,50,2,46.8
"713","62",63,15,12,696,NA,3,39.8,2,43.8
"714","62",64,16,12,697,4,1,45.1,3,31.4
"715","62",65,17,12,698,1,1,54.5,1,40.6
"716","62",66,18,12,699,4,1,53.2,3,54.9
"717","62",67,19,12,700,2,5,43.8,1,26.7
"718","62",68,20,12,701,1,2,46.3,2,44.3
"719","62",69,21,12,702,4,3,36.9,1,45.1
"720","62",7,19,6,328,1,1,35.4,3,33.9
"721","62",70,22,12,703,NA,1,37.6,1,50.6
"722","62",71,22,13,765,2,3,34.7,2,53.4
"723","62",72,21,13,764,3,2,46.3,1,51.6
"724","62",73,20,13,763,2,4,37,1,48.5
"725","62",74,19,13,762,2,4,31.3,2,46.8
"726","62",75,18,13,761,3,4,36.7,3,44.5
"727","62",76,17,13,760,NA,3,30,3,12
"728","62",77,16,13,759,3,2,36.1,1,50.1
"729","62",78,15,13,758,1,4,45,2,43.8
"730","62",79,14,13,757,2,3,38.8,3,45.2
"731","62",8,20,6,329,1,3,32.8,4,32.4
"732","62",80,13,13,756,1,2,43.1,1,40.3
"733","62",81,13,14,818,3,2,37.8,2,47.2
"734","62",82,14,14,819,4,1,47.8,3,43.4
"735","62",83,15,14,820,NA,2,37,2,36.2
"736","62",84,16,14,821,3,4,27.6,2,47.6
"737","62",85,17,14,822,3,4,38.2,1,39.2
"738","62",86,18,14,823,2,2,36.5,1,50
"739","62",87,19,14,824,4,2,41.8,3,48.8
"740","62",88,20,14,825,1,2,35.4,2,51.2
"741","62",89,21,14,826,3,3,40.7,2,48.2
"742","62",9,21,6,330,2,2,31.9,2,31.2
"743","62",90,22,14,827,3,2,30.1,1,62.3
"744","62",91,22,15,889,2,2,28.8,5,36.7
"745","62",92,21,15,888,1,2,46.5,1,43.4
"746","62",93,20,15,887,NA,1,42.1,2,46.7
"747","62",94,19,15,886,2,1,47.7,1,53.6
"748","62",95,18,15,885,1,2,37.5,2,45.8
"749","62",96,17,15,884,NA,2,30.7,4,31.9
"750","62",97,16,15,883,2,2,39,2,35
"751","62",98,15,15,882,NA,2,29.3,4,34
"752","62",99,14,15,881,1,1,55.3,1,60.5
"753","63",1,13,39,2368,NA,2,37,3,35.4
"754","63",10,22,39,2377,4,3,27.9,4,29.7
"755","63",100,33,9,528,NA,2,47.7,3,41.3
"756","63",101,33,10,590,2,2,48.1,3,36.2
"757","63",102,32,10,589,1,1,52.9,2,37.7
"758","63",103,31,10,588,2,1,42.7,2,42.8
"759","63",104,30,10,587,4,5,38.2,3,48.7
"760","63",105,29,10,586,NA,2,42.8,2,43.1
"761","63",106,28,10,585,NA,1,46.8,4,21.4
"762","63",107,27,10,584,3,3,38.2,1,30.7
"763","63",108,26,10,583,4,5,33.7,4,27.3
"764","63",109,25,10,582,NA,4,31.2,3,24
"765","63",11,24,1,23,4,1,39.8,3,24.9
"766","63",110,24,10,581,NA,3,36.4,4,30
"767","63",111,24,11,643,NA,3,38,2,29.4
"768","63",112,25,11,644,3,2,34.1,3,36.9
"769","63",113,26,11,645,2,4,32,4,28.6
"770","63",114,27,11,646,4,2,42.3,4,33
"771","63",115,28,11,647,5,5,35.2,6,26.5
"772","63",116,29,11,648,NA,1,45,3,31.9
"773","63",117,30,11,649,4,4,36.5,2,25.7
"774","63",118,31,11,650,2,2,36.1,2,27.5
"775","63",119,32,11,651,2,3,36.6,2,39.7
"776","63",12,25,1,24,NA,1,44.2,1,22
"777","63",120,33,11,652,3,3,26.9,3,39.1
"778","63",121,33,12,714,1,4,32.1,2,39.1
"779","63",122,32,12,713,3,1,44.2,2,41
"780","63",123,31,12,712,3,3,42.1,5,28.2
"781","63",124,30,12,711,NA,1,46.8,2,40.4
"782","63",125,29,12,710,NA,3,41.8,3,31.2
"783","63",126,28,12,709,4,1,38.4,2,36.9
"784","63",127,27,12,708,3,1,44.4,2,42
"785","63",128,26,12,707,1,2,32.7,1,45.7
"786","63",129,25,12,706,1,3,35.8,2,29.6
"787","63",13,26,1,25,NA,1,53.5,2,41.8
"788","63",130,24,12,705,NA,2,41.1,3,30.5
"789","63",131,24,13,767,3,1,51.3,1,34.4
"790","63",132,25,13,768,NA,2,40.7,2,39.6
"791","63",133,26,13,769,NA,3,38.7,3,37.8
"792","63",134,27,13,770,3,1,50,3,33.2
"793","63",135,28,13,771,2,1,47.6,3,37.5
"794","63",136,29,13,772,NA,1,44.2,1,38.2
"795","63",137,30,13,773,NA,1,43.7,3,31.9
"796","63",138,31,13,774,6,4,28.7,4,21.9
"797","63",139,32,13,775,4,3,34.8,3,33.3
"798","63",14,27,1,26,1,3,38.7,1,26.1
"799","63",140,33,13,776,NA,1,34.7,1,46.8
"800","63",141,33,14,838,5,2,25.9,2,31.2
"801","63",142,32,14,837,1,4,29.4,1,36.3
"802","63",143,31,14,836,NA,1,40.6,0,43.8
"803","63",15,28,1,27,NA,3,43.3,2,41
"804","63",16,29,1,28,NA,3,35,1,31.9
"805","63",17,30,1,29,NA,2,43.8,2,33.9
"806","63",18,31,1,30,1,3,38,2,21.6
"807","63",19,32,1,31,1,2,35.9,2,25.9
"808","63",2,14,39,2369,1,5,44,4,25.2
"809","63",20,33,1,32,NA,1,39.7,3,33.4
"810","63",21,33,2,94,4,4,19.3,3,21.9
"811","63",22,32,2,93,NA,2,40.1,1,34.6
"812","63",23,31,2,92,NA,2,40.2,3,33.6
"813","63",24,30,2,91,1,0,57.1,2,37.9
"814","63",25,29,2,90,NA,1,50.1,2,25.2
"815","63",26,28,2,89,NA,0,57,1,28.7
"816","63",27,27,2,88,NA,1,52.9,1,13.8
"817","63",28,26,2,87,NA,0,51.7,1,34
"818","63",29,25,2,86,NA,2,32,2,26.5
"819","63",3,15,39,2370,NA,1,44.5,2,27.1
"820","63",30,24,2,85,NA,3,30.1,2,32.7
"821","63",31,24,3,147,1,3,39.8,4,20.7
"822","63",32,25,3,148,NA,2,32.8,3,27.8
"823","63",33,26,3,149,NA,1,37.2,2,36.9
"824","63",34,27,3,150,2,1,38.5,3,28.3
"825","63",35,28,3,151,NA,2,42.7,3,33.7
"826","63",36,29,3,152,NA,1,49.6,2,29.6
"827","63",37,30,3,153,3,2,35.6,2,23.9
"828","63",38,31,3,154,NA,2,44.6,2,28.8
"829","63",39,32,3,155,4,3,39.8,2,28.2
"830","63",4,16,39,2371,NA,1,57.9,0,37.4
"831","63",40,33,3,156,4,3,40.2,2,25
"832","63",41,33,4,218,NA,2,39.5,1,33.5
"833","63",42,32,4,217,4,4,37.3,3,21.1
"834","63",43,31,4,216,3,2,38.4,2,31.4
"835","63",44,30,4,215,NA,4,29.7,3,22.5
"836","63",45,29,4,214,NA,2,39.4,2,22.1
"837","63",46,28,4,213,2,2,34.8,4,34.4
"838","63",47,27,4,212,NA,1,41,2,26.6
"839","63",48,26,4,211,NA,2,30.9,2,30.9
"840","63",49,25,4,210,NA,2,34,3,32.8
"841","63",5,17,39,2372,2,2,57.2,2,26.8
"842","63",50,24,4,209,1,1,42.6,4,35.2
"843","63",51,24,5,271,1,3,31.1,2,45.5
"844","63",52,25,5,272,1,4,31.1,2,44.1
"845","63",53,26,5,273,NA,2,42.4,2,36.2
"846","63",54,27,5,274,NA,3,41,3,33
"847","63",55,28,5,275,3,3,39.5,2,38.1
"848","63",56,29,5,276,NA,4,35.6,1,46.9
"849","63",57,30,5,277,1,3,36.2,2,48
"850","63",58,31,5,278,3,3,31.6,2,38
"851","63",59,32,5,279,2,2,35.7,1,47.3
"852","63",6,18,39,2373,NA,5,38.5,2,18.6
"853","63",60,33,5,280,2,3,33.6,4,24.3
"854","63",61,33,6,342,4,5,28.8,2,18
"855","63",62,32,6,341,3,5,30.1,2,29.7
"856","63",63,31,6,340,4,2,36.4,2,24.7
"857","63",64,30,6,339,3,2,40.8,3,28.1
"858","63",65,29,6,338,NA,1,34.3,2,35.2
"859","63",66,28,6,337,4,5,33.8,1,37.5
"860","63",67,27,6,336,5,5,32.2,4,30.7
"861","63",68,26,6,335,2,5,29.1,2,39.8
"862","63",69,25,6,334,3,4,35.5,2,38.4
"863","63",7,19,39,2374,2,4,43.2,2,17.6
"864","63",70,24,6,333,2,4,28.1,1,31
"865","63",71,24,7,395,4,5,20.2,2,30.1
"866","63",72,25,7,396,NA,3,37.7,2,43.8
"867","63",73,26,7,397,1,1,37.1,1,30.9
"868","63",74,27,7,398,4,3,43.8,3,39.2
"869","63",75,28,7,399,4,1,49.2,2,39.6
"870","63",76,29,7,400,2,2,45.7,1,40.5
"871","63",77,30,7,401,3,2,43.2,2,50.3
"872","63",78,31,7,402,4,2,38.1,2,47.7
"873","63",79,32,7,403,NA,2,36.9,1,59.7
"874","63",8,20,39,2375,3,5,25.9,2,24.3
"875","63",80,33,7,404,1,5,32.8,2,37.8
"876","63",81,33,8,466,4,1,41.1,1,38.7
"877","63",82,32,8,465,3,2,35.8,1,42.7
"878","63",83,31,8,464,3,3,28.3,2,38.9
"879","63",84,30,8,463,3,3,46.6,2,40.9
"880","63",85,29,8,462,2,2,55.2,2,47.9
"881","63",86,28,8,461,4,1,53.6,2,34.6
"882","63",87,27,8,460,0,5,24.5,4,22.6
"883","63",88,26,8,459,0,5,34.9,3,40.1
"884","63",89,25,8,458,3,4,35.2,2,34.9
"885","63",9,21,39,2376,4,3,34.4,2,23.5
"886","63",90,24,8,457,3,2,31.9,3,41.5
"887","63",91,24,9,519,NA,3,35.9,3,35.9
"888","63",92,25,9,520,NA,2,29.8,2,40.9
"889","63",93,26,9,521,NA,3,35.1,2,45
"890","63",94,27,9,522,NA,3,36.3,2,36
"891","63",95,28,9,523,2,3,39.5,2,31.9
"892","63",96,29,9,524,NA,3,46.7,1,42.2
"893","63",97,30,9,525,NA,4,40.4,4,37.2
"894","63",98,31,9,526,NA,2,46.7,2,46.2
"895","63",99,32,9,527,3,2,44.4,4,36.9
"896","64",1,24,15,891,3,3,22.2,3,26.9
"897","64",10,33,15,900,2,2,34.8,2,32.9
"898","64",100,24,24,1449,5,3,22.4,5,37.4
"899","64",101,24,25,1511,4,3,36.4,2,49.3
"900","64",102,25,25,1512,1,1,43.2,2,58.6
"901","64",103,26,25,1513,5,1,33.4,3,50.1
"902","64",104,27,25,1514,3,0,55.9,3,56.4
"903","64",105,28,25,1515,3,1,51.8,1,66.7
"904","64",106,29,25,1516,4,0,52,3,36.3
"905","64",107,30,25,1517,3,2,42,3,62.4
"906","64",108,31,25,1518,3,2,42,2,58.4
"907","64",109,32,25,1519,1,2,34.5,2,40.6
"908","64",11,33,16,962,NA,2,33.9,1,36.9
"909","64",110,33,25,1520,2,1,53.2,4,37
"910","64",111,33,26,1582,4,2,36.7,4,35.4
"911","64",112,32,26,1581,4,2,38.1,4,39.5
"912","64",113,31,26,1580,NA,1,59.2,2,44.2
"913","64",114,30,26,1579,3,2,37.8,1,52
"914","64",115,29,26,1578,3,2,40.1,3,48.6
"915","64",116,28,26,1577,2,2,44.5,4,53.1
"916","64",117,27,26,1576,2,2,37.7,5,26.5
"917","64",118,26,26,1575,2,1,31.4,1,44.2
"918","64",119,25,26,1574,3,4,32.6,4,27.9
"919","64",12,32,16,961,NA,2,37.2,2,47.9
"920","64",120,24,26,1573,2,2,28.2,1,42.6
"921","64",121,24,27,1635,3,2,44.7,3,50.1
"922","64",122,25,27,1636,4,4,34.3,3,46.4
"923","64",123,26,27,1637,3,4,40.5,2,39.7
"924","64",124,27,27,1638,2,1,58.9,2,67.6
"925","64",125,28,27,1639,3,3,36.5,1,68.9
"926","64",126,29,27,1640,2,2,36.2,3,38.6
"927","64",127,30,27,1641,3,4,50.6,6,45.7
"928","64",128,31,27,1642,3,2,50.8,2,63.8
"929","64",129,32,27,1643,2,1,51.9,3,61.8
"930","64",13,31,16,960,3,2,32.4,2,47
"931","64",130,33,27,1644,1,1,41.6,2,62.2
"932","64",131,33,28,1706,2,1,42.2,4,49.3
"933","64",132,32,28,1705,2,3,49.2,3,61.7
"934","64",133,31,28,1704,3,3,38.5,6,43
"935","64",134,30,28,1703,3,2,37.8,4,51.7
"936","64",135,29,28,1702,3,3,36.5,4,41.7
"937","64",136,28,28,1701,4,2,42,4,51.1
"938","64",137,27,28,1700,3,1,59.8,2,47
"939","64",138,26,28,1699,2,0,52.7,3,43.2
"940","64",139,25,28,1698,4,1,57.4,3,39.4
"941","64",14,30,16,959,2,1,52.9,2,48.7
"942","64",140,24,28,1697,3,1,53.9,3,43.7
"943","64",141,24,29,1759,2,0,51.9,1,41
"944","64",142,25,29,1760,3,1,56.2,3,49.7
"945","64",143,26,29,1761,4,1,52.2,3,48.6
"946","64",144,27,29,1762,4,1,56.9,4,46.2
"947","64",145,28,29,1763,1,3,38.2,2,47.7
"948","64",146,29,29,1764,4,1,54.5,4,45
"949","64",147,30,29,1765,3,1,53.9,3,48.1
"950","64",148,31,29,1766,3,0,59.8,4,48.4
"951","64",149,32,29,1767,3,2,47.9,3,54.4
"952","64",15,29,16,958,2,2,44.3,5,30.7
"953","64",16,28,16,957,2,2,42.4,4,34.3
"954","64",17,27,16,956,1,1,50.8,1,49.3
"955","64",18,26,16,955,NA,2,39.8,2,41.1
"956","64",19,25,16,954,2,1,35.8,3,40.3
"957","64",2,25,15,892,NA,4,27.8,6,24.4
"958","64",20,24,16,953,3,1,51.5,3,41.7
"959","64",21,24,17,1015,3,2,41.8,3,39.3
"960","64",22,25,17,1016,3,1,42.3,1,45
"961","64",23,26,17,1017,4,2,39.5,2,33.8
"962","64",24,27,17,1018,3,1,50,0,48.7
"963","64",25,28,17,1019,3,1,49.8,1,42.1
"964","64",26,29,17,1020,2,2,37.9,1,47.3
"965","64",27,30,17,1021,2,2,38.4,3,4.2
"966","64",28,31,17,1022,1,2,44.6,3,49.5
"967","64",29,32,17,1023,3,2,38.2,2,45.2
"968","64",3,26,15,893,3,3,37.4,3,40.2
"969","64",30,33,17,1024,NA,2,36.3,4,34.4
"970","64",31,33,18,1086,1,1,41.9,3,36.1
"971","64",32,32,18,1085,1,1,51.6,4,34.4
"972","64",33,31,18,1084,4,1,51.8,2,36.4
"973","64",34,30,18,1083,4,1,48.4,2,34.3
"974","64",35,29,18,1082,3,1,57.2,2,50.6
"975","64",36,28,18,1081,3,2,49.9,2,49.3
"976","64",37,27,18,1080,4,1,48.9,2,38.3
"977","64",38,26,18,1079,5,2,36,4,36.7
"978","64",39,25,18,1078,1,4,42.6,4,32.9
"979","64",4,27,15,894,3,0,58.4,4,25.7
"980","64",40,24,18,1077,1,2,39.4,6,29.6
"981","64",41,24,19,1139,2,2,39.6,5,27.5
"982","64",42,25,19,1140,2,3,40.2,4,44
"983","64",43,26,19,1141,2,1,44.5,2,47.8
"984","64",44,27,19,1142,1,2,44.4,2,60.4
"985","64",45,28,19,1143,3,2,41.3,2,43.7
"986","64",46,29,19,1144,4,4,45.8,5,31.5
"987","64",47,30,19,1145,3,1,46.4,2,46.3
"988","64",48,31,19,1146,5,2,43.4,3,41.5
"989","64",49,32,19,1147,4,2,48,4,29.5
"990","64",5,28,15,895,1,2,46.5,2,40.8
"991","64",50,33,19,1148,1,1,39,1,48.2
"992","64",51,33,20,1210,3,2,51.1,2,53.1
"993","64",52,32,20,1209,NA,3,41.4,3,46.4
"994","64",53,31,20,1208,4,2,35.5,2,57.1
"995","64",54,30,20,1207,4,3,33.8,3,64.2
"996","64",55,29,20,1206,6,3,36.3,2,51.5
"997","64",56,28,20,1205,4,3,34.5,2,51
"998","64",57,27,20,1204,4,2,44.4,2,38.4
"999","64",58,26,20,1203,5,3,42.3,3,53.9
"1000","64",59,25,20,1202,1,2,33.4,3,41.3
"1001","64",6,29,15,896,3,2,44.3,4,34.4
"1002","64",60,24,20,1201,1,0,45.8,1,37
"1003","64",61,24,21,1263,5,2,34.6,5,37.5
"1004","64",62,25,21,1264,5,2,41.6,4,56
"1005","64",63,26,21,1265,5,2,42.5,4,37.5
"1006","64",64,27,21,1266,5,2,32.7,2,39.4
"1007","64",65,28,21,1267,5,5,28.2,4,30.6
"1008","64",66,29,21,1268,6,3,33.4,5,30.8
"1009","64",67,30,21,1269,5,3,29.7,3,52.6
"1010","64",68,31,21,1270,5,3,32.5,5,48.6
"1011","64",69,32,21,1271,4,4,39.1,3,61.7
"1012","64",7,30,15,897,3,2,48.1,4,22.4
"1013","64",70,33,21,1272,4,2,33.9,6,43.5
"1014","64",71,33,22,1334,4,2,35.4,1,31.2
"1015","64",72,32,22,1333,1,3,37.9,4,40.4
"1016","64",73,31,22,1332,2,2,35,4,37.5
"1017","64",74,30,22,1331,6,3,39.9,6,37.9
"1018","64",75,29,22,1330,3,3,33.7,5,25.9
"1019","64",76,28,22,1329,4,2,37.4,4,48.6
"1020","64",77,27,22,1328,1,1,52.5,3,54.8
"1021","64",78,26,22,1327,4,2,46.6,2,52
"1022","64",79,25,22,1326,1,2,45.2,2,64.2
"1023","64",8,31,15,898,3,1,55.8,4,31.2
"1024","64",80,24,22,1325,5,2,39.5,3,44.6
"1025","64",81,24,23,1387,1,1,64.6,3,35.7
"1026","64",82,25,23,1388,3,0,35.3,1,50.2
"1027","64",83,26,23,1389,1,1,42.1,2,50.1
"1028","64",84,27,23,1390,NA,1,41.7,0,67.6
"1029","64",85,28,23,1391,3,3,48.7,3,62.6
"1030","64",86,29,23,1392,4,1,41.8,1,62.6
"1031","64",87,30,23,1393,NA,1,41.6,3,51.1
"1032","64",88,31,23,1394,5,2,40.7,3,53.3
"1033","64",89,32,23,1395,NA,2,33,3,32.5
"1034","64",9,32,15,899,1,3,30.7,2,28.9
"1035","64",90,33,23,1396,NA,2,32.7,2,39.2
"1036","64",91,33,24,1458,NA,2,30.3,4,-0.4
"1037","64",92,32,24,1457,NA,3,35.8,3,45.5
"1038","64",93,31,24,1456,4,2,31.8,3,39.9
"1039","64",94,30,24,1455,4,3,35.3,3,51.7
"1040","64",95,29,24,1454,3,1,42.1,3,39.2
"1041","64",96,28,24,1453,NA,1,36.6,2,35
"1042","64",97,27,24,1452,3,1,53.1,3,58
"1043","64",98,26,24,1451,3,3,32.4,4,48.4
"1044","64",99,25,24,1450,6,3,27.3,5,33.6
"1045","65",1,24,30,1821,NA,2,37.2,1,55.5
"1046","65",10,33,30,1830,1,2,37.9,2,37.7
"1047","65",100,24,39,2379,4,3,33.4,3,36.3
"1048","65",101,35,1,34,NA,5,49.1,2,31.9
"1049","65",102,36,1,35,1,4,35,4,32.8
"1050","65",103,37,1,36,1,4,40.3,4,19.6
"1051","65",104,38,1,37,1,1,52.2,3,37.9
"1052","65",105,39,1,38,1,2,62.7,1,34.8
"1053","65",106,40,1,39,NA,4,48.1,4,22.8
"1054","65",107,41,1,40,1,2,41.2,3,25.8
"1055","65",108,42,1,41,NA,1,52,3,30.1
"1056","65",109,43,1,42,NA,2,68.4,2,31
"1057","65",11,33,31,1892,4,3,40.8,3,43.2
"1058","65",110,44,1,43,1,3,50.1,3,28.8
"1059","65",111,44,2,105,NA,5,53.9,2,37.9
"1060","65",112,43,2,104,1,2,21.8,2,19.2
"1061","65",12,32,31,1891,4,3,48.2,4,26.5
"1062","65",13,31,31,1890,3,3,36.4,3,35.2
"1063","65",14,30,31,1889,4,4,31.4,3,24.8
"1064","65",15,29,31,1888,3,4,37.6,4,42.3
"1065","65",16,28,31,1887,3,1,35,4,29
"1066","65",17,27,31,1886,NA,2,49,5,43.2
"1067","65",18,26,31,1885,4,4,38.3,5,34.1
"1068","65",19,25,31,1884,NA,1,49.8,2,59.3
"1069","65",2,25,30,1822,1,3,38.8,2,56.6
"1070","65",20,24,31,1883,NA,1,43.5,4,31.7
"1071","65",21,24,32,1945,1,0,56.5,1,44.1
"1072","65",22,25,32,1946,1,1,57.9,1,50.2
"1073","65",23,26,32,1947,2,2,42.8,2,48.8
"1074","65",24,27,32,1948,2,2,30.4,4,56.8
"1075","65",25,28,32,1949,3,2,54.9,1,57.1
"1076","65",26,29,32,1950,4,5,28.4,4,63.7
"1077","65",27,30,32,1951,3,3,38.9,3,39.4
"1078","65",28,31,32,1952,2,1,44,3,49.7
"1079","65",29,32,32,1953,NA,2,36.8,3,47
"1080","65",3,26,30,1823,NA,2,40.8,0,66
"1081","65",30,33,32,1954,3,2,23.3,6,41.2
"1082","65",31,33,33,2016,1,2,31.9,3,40.6
"1083","65",32,32,33,2015,NA,2,32.2,3,46.6
"1084","65",33,31,33,2014,3,3,18,5,29.7
"1085","65",34,30,33,2013,NA,3,41.5,5,33
"1086","65",35,29,33,2012,3,2,37.5,2,42.4
"1087","65",36,28,33,2011,NA,1,38.6,1,41
"1088","65",37,27,33,2010,1,3,27.1,2,52
"1089","65",38,26,33,2009,2,3,36,3,47
"1090","65",39,25,33,2008,3,2,31.1,2,65.1
"1091","65",4,27,30,1824,NA,1,33.3,2,49.1
"1092","65",40,24,33,2007,2,4,32.5,3,31.9
"1093","65",41,24,34,2069,5,4,35.8,5,21.8
"1094","65",42,25,34,2070,1,3,44.2,3,29.2
"1095","65",43,26,34,2071,4,2,47.7,2,38.3
"1096","65",44,27,34,2072,NA,1,49.4,4,28.8
"1097","65",45,28,34,2073,NA,2,49,1,48.6
"1098","65",46,29,34,2074,1,1,54.6,2,48.1
"1099","65",47,30,34,2075,2,1,40.8,4,38.3
"1100","65",48,31,34,2076,3,1,47.1,3,42.3
"1101","65",49,32,34,2077,3,1,41.8,3,36.6
"1102","65",5,28,30,1825,2,2,47.8,3,59.5
"1103","65",50,33,34,2078,3,2,38.6,6,31.4
"1104","65",51,33,35,2140,3,3,32.9,4,29.4
"1105","65",52,32,35,2139,3,3,38.6,4,27.4
"1106","65",53,31,35,2138,4,2,44.8,3,23.6
"1107","65",54,30,35,2137,4,3,48.2,3,30.1
"1108","65",55,29,35,2136,3,3,45.1,3,37.9
"1109","65",56,28,35,2135,4,3,44.6,3,22.1
"1110","65",57,27,35,2134,4,2,44.5,3,40.3
"1111","65",58,26,35,2133,3,4,37.4,3,25.4
"1112","65",59,25,35,2132,2,4,38,4,23.2
"1113","65",6,29,30,1826,NA,1,50.3,2,58.2
"1114","65",60,24,35,2131,1,2,21.9,2,39.9
"1115","65",61,24,36,2193,1,2,39.9,2,32.1
"1116","65",62,25,36,2194,2,2,43.6,3,29
"1117","65",63,26,36,2195,4,3,26.9,1,26.7
"1118","65",64,27,36,2196,NA,4,45,3,28.8
"1119","65",65,28,36,2197,2,5,34.1,2,30.8
"1120","65",66,29,36,2198,NA,2,41.1,5,27.9
"1121","65",67,30,36,2199,2,2,30.8,3,22.3
"1122","65",68,31,36,2200,5,3,38.7,4,10
"1123","65",69,32,36,2201,5,2,29.2,4,23.2
"1124","65",7,30,30,1827,NA,2,28.4,3,58.8
"1125","65",70,33,36,2202,3,1,31.7,4,23.2
"1126","65",71,33,37,2264,1,2,51.9,4,25.9
"1127","65",72,32,37,2263,4,2,24.1,4,17.4
"1128","65",73,31,37,2262,4,1,38,1,15.2
"1129","65",74,30,37,2261,3,2,28.1,4,24.8
"1130","65",75,29,37,2260,2,3,36.8,3,31.2
"1131","65",76,28,37,2259,3,4,35.2,2,28.5
"1132","65",77,27,37,2258,1,2,28.1,3,42.3
"1133","65",78,26,37,2257,NA,2,42.4,2,42.3
"1134","65",79,25,37,2256,NA,2,29.5,6,23.9
"1135","65",8,31,30,1828,4,3,37.5,3,37.9
"1136","65",80,24,37,2255,NA,1,48.8,2,41
"1137","65",81,24,38,2317,3,2,40.1,3,31.7
"1138","65",82,25,38,2318,4,2,NA,2,40.3
"1139","65",83,26,38,2319,2,2,42.7,2,20.1
"1140","65",84,27,38,2320,2,2,47.2,3,31.7
"1141","65",85,28,38,2321,2,2,53.9,3,36.6
"1142","65",86,29,38,2322,3,3,38.2,3,33.9
"1143","65",87,30,38,2323,1,2,49.2,1,53.5
"1144","65",88,31,38,2324,1,2,39.6,2,46.8
"1145","65",89,32,38,2325,3,1,44.5,0,25.9
"1146","65",9,32,30,1829,NA,1,34.5,2,47.2
"1147","65",90,33,38,2326,NA,1,42.5,0,38.4
"1148","65",91,33,39,2388,3,3,36.9,2,32.1
"1149","65",92,32,39,2387,NA,3,42.1,4,21.8
"1150","65",93,31,39,2386,2,3,37.5,2,40.4
"1151","65",94,30,39,2385,1,2,55.5,4,29.9
"1152","65",95,29,39,2384,2,4,49,3,39.4
"1153","65",96,28,39,2383,3,4,59,2,35.4
"1154","65",97,27,39,2382,NA,2,41.3,2,36.4
"1155","65",98,26,39,2381,4,4,43.4,2,36.3
"1156","65",99,25,39,2380,4,2,42.7,2,40.3
"1157","66",1,35,3,158,1,3,26.8,3,9.6
"1158","66",10,44,3,167,1,4,49,3,41.5
"1159","66",100,35,12,716,3,2,53.5,3,38.8
"1160","66",101,35,13,778,NA,2,52.2,1,61.7
"1161","66",102,36,13,779,4,4,50.4,3,51.7
"1162","66",103,37,13,780,3,4,54.8,3,59.8
"1163","66",104,38,13,781,2,3,43.5,2,52.4
"1164","66",105,39,13,782,3,4,51.3,1,51.5
"1165","66",106,40,13,783,3,4,49.1,3,50.4
"1166","66",107,41,13,784,4,5,46.4,3,35.5
"1167","66",108,42,13,785,3,4,54,3,55.1
"1168","66",109,43,13,786,4,2,45.5,4,44.1
"1169","66",11,44,4,229,5,6,40.6,3,28.5
"1170","66",110,44,13,787,5,3,45.7,2,58.2
"1171","66",111,44,14,849,4,4,38.3,3,35.7
"1172","66",112,43,14,848,3,2,36.8,3,44.2
"1173","66",113,42,14,847,4,3,39.2,4,34.1
"1174","66",114,41,14,846,NA,2,55.1,3,44.2
"1175","66",115,40,14,845,2,3,39.9,3,53.5
"1176","66",116,39,14,844,NA,2,37.4,2,41.7
"1177","66",117,38,14,843,NA,2,38.6,3,33.4
"1178","66",118,37,14,842,1,2,56.6,3,53.9
"1179","66",119,36,14,841,3,3,25,2,48.4
"1180","66",12,43,4,228,4,3,50.8,1,31.7
"1181","66",120,35,14,840,NA,2,36.8,4,29
"1182","66",121,35,15,902,1,1,56.9,3,52.2
"1183","66",122,36,15,903,2,4,45.3,2,70.2
"1184","66",123,37,15,904,NA,1,54.4,4,36.3
"1185","66",124,38,15,905,NA,2,56.6,3,60.6
"1186","66",125,39,15,906,NA,0,57.1,2,48.8
"1187","66",126,40,15,907,1,2,50.6,3,58.8
"1188","66",127,41,15,908,1,3,47.7,2,46.2
"1189","66",128,42,15,909,NA,2,57.1,3,38.6
"1190","66",129,43,15,910,6,3,44.6,4,54.6
"1191","66",13,42,4,227,1,1,52.2,0,44.6
"1192","66",130,44,15,911,4,3,43,5,50.2
"1193","66",131,44,16,973,3,3,37.2,3,39
"1194","66",132,43,16,972,1,5,49.1,3,55.3
"1195","66",133,42,16,971,NA,2,39.9,2,61.3
"1196","66",134,41,16,970,NA,2,56.4,2,57.5
"1197","66",135,40,16,969,NA,2,48.4,3,57.1
"1198","66",136,39,16,968,2,2,41.5,3,47.3
"1199","66",137,38,16,967,NA,2,49.5,1,58
"1200","66",138,37,16,966,NA,1,58.9,4,60
"1201","66",139,36,16,965,2,3,39.7,4,62.6
"1202","66",14,41,4,226,2,1,44.1,3,37.2
"1203","66",140,35,16,964,1,2,50.1,5,46.2
"1204","66",141,35,17,1026,NA,3,44.4,4,36.6
"1205","66",142,36,17,1027,NA,1,48.8,2,60.8
"1206","66",143,37,17,1028,NA,1,59.5,3,51.5
"1207","66",144,38,17,1029,1,2,42.3,3,49.5
"1208","66",145,39,17,1030,3,3,37.2,3,51.5
"1209","66",146,40,17,1031,NA,2,46.2,1,55.3
"1210","66",147,41,17,1032,NA,3,43,5,47.7
"1211","66",148,42,17,1033,1,1,47.5,4,44.6
"1212","66",149,43,17,1034,3,3,44.4,3,55.1
"1213","66",15,40,4,225,3,2,25.2,2,32.5
"1214","66",150,44,17,1035,1,3,49,3,55.1
"1215","66",151,44,18,1097,2,1,56,4,45.2
"1216","66",152,43,18,1096,NA,1,62.2,3,52.4
"1217","66",153,42,18,1095,NA,2,56,2,58.6
"1218","66",154,41,18,1094,1,2,51.1,1,52.4
"1219","66",155,40,18,1093,1,2,46.1,1,49.5
"1220","66",156,39,18,1092,1,2,47.2,4,32.8
"1221","66",157,38,18,1091,NA,3,35.2,3,33.7
"1222","66",158,37,18,1090,NA,3,47.5,3,33.9
"1223","66",159,36,18,1089,1,2,46.4,2,50.8
"1224","66",16,39,4,224,2,2,40.8,3,38.8
"1225","66",160,35,18,1088,2,2,50.6,2,43.5
"1226","66",161,35,19,1150,1,2,49.7,1,54.2
"1227","66",162,36,19,1151,1,1,56,2,50.2
"1228","66",163,37,19,1152,2,1,54.6,2,51.1
"1229","66",164,38,19,1153,2,1,46.8,3,45.7
"1230","66",165,39,19,1154,1,2,45,2,53.5
"1231","66",166,40,19,1155,1,2,33,1,53.9
"1232","66",167,41,19,1156,2,2,50.2,3,45
"1233","66",168,42,19,1157,2,2,40.3,3,31.7
"1234","66",169,43,19,1158,2,1,53.5,2,51.5
"1235","66",17,38,4,223,NA,2,44.1,4,37.2
"1236","66",170,44,19,1159,1,4,36.6,3,24.7
"1237","66",171,44,20,1221,2,2,56.8,2,41.7
"1238","66",172,43,20,1220,NA,5,44.6,3,29.4
"1239","66",173,42,20,1219,NA,1,43.2,1,43
"1240","66",174,41,20,1218,NA,4,49.1,5,38.4
"1241","66",175,40,20,1217,NA,2,42.4,3,47
"1242","66",176,39,20,1216,1,1,36.6,4,42.4
"1243","66",177,38,20,1215,1,1,60.6,1,45.7
"1244","66",178,37,20,1214,1,2,45,3,51.7
"1245","66",179,36,20,1213,2,5,35.7,4,43.7
"1246","66",18,37,4,222,4,2,48.1,2,23.6
"1247","66",180,35,20,1212,1,2,50.2,2,60.2
"1248","66",181,35,21,1274,NA,3,40.8,1,49.7
"1249","66",182,36,21,1275,NA,2,36.4,6,34.6
"1250","66",183,37,21,1276,2,1,62.4,1,51
"1251","66",184,38,21,1277,NA,2,57.3,3,41.9
"1252","66",185,39,21,1278,3,2,56.8,1,49.5
"1253","66",186,40,21,1279,NA,2,52,2,55.1
"1254","66",187,41,21,1280,NA,3,44.8,2,29.7
"1255","66",188,42,21,1281,NA,2,52.4,4,43
"1256","66",189,43,21,1282,NA,1,49.5,3,49.5
"1257","66",19,36,4,221,1,3,39.9,2,37.9
"1258","66",190,44,21,1283,1,2,54.8,3,32.6
"1259","66",191,44,22,1345,NA,1,56.6,3,39
"1260","66",192,43,22,1344,NA,2,53.3,4,41
"1261","66",193,42,22,1343,NA,1,58.6,0,56
"1262","66",194,41,22,1342,3,3,50.1,3,49
"1263","66",195,40,22,1341,1,2,44.1,2,53.3
"1264","66",196,39,22,1340,1,2,49.7,2,54.9
"1265","66",197,38,22,1339,1,2,46.1,2,47.7
"1266","66",198,37,22,1338,NA,2,59.5,3,53.9
"1267","66",199,36,22,1337,NA,3,39,2,36.3
"1268","66",2,36,3,159,2,5,24.1,3,22.1
"1269","66",20,35,4,220,2,3,38.3,3,29
"1270","66",200,35,22,1336,NA,3,38.8,3,37
"1271","66",201,35,23,1398,NA,4,33.4,4,31.2
"1272","66",202,36,23,1399,NA,NA,35,2,52.2
"1273","66",203,37,23,1400,2,4,44.8,2,43
"1274","66",204,38,23,1401,2,1,54.4,3,47.3
"1275","66",205,39,23,1402,NA,0,61.3,1,48.1
"1276","66",206,40,23,1403,1,2,44.4,2,51.1
"1277","66",207,41,23,1404,3,4,46.2,4,43.3
"1278","66",208,42,23,1405,NA,1,75.1,1,54
"1279","66",209,43,23,1406,NA,1,66.9,2,53.9
"1280","66",21,35,5,282,2,3,44.6,3,26.5
"1281","66",210,44,23,1407,NA,1,64.6,3,37.4
"1282","66",211,44,24,1469,NA,0,64,3,52.8
"1283","66",212,43,24,1468,1,2,56.2,4,46.2
"1284","66",213,42,24,1467,NA,1,60.9,3,51
"1285","66",214,41,24,1466,NA,1,56.4,3,51.5
"1286","66",215,40,24,1465,NA,1,53.9,2,62.2
"1287","66",216,39,24,1464,3,3,48.1,2,50.4
"1288","66",217,38,24,1463,1,2,58.6,3,51.3
"1289","66",218,37,24,1462,2,2,64.2,2,46.8
"1290","66",219,36,24,1461,1,1,54.2,2,57.1
"1291","66",22,36,5,283,4,3,28.7,2,22.8
"1292","66",220,35,24,1460,6,3,49.5,2,46.6
"1293","66",221,35,25,1522,NA,0,72,0,62
"1294","66",222,36,25,1523,3,2,56.2,3,62.9
"1295","66",223,37,25,1524,4,4,54.8,1,47.5
"1296","66",224,38,25,1525,3,1,64.7,1,50.2
"1297","66",225,39,25,1526,2,3,39.5,3,44.6
"1298","66",226,40,25,1527,1,1,52.2,0,64.7
"1299","66",227,41,25,1528,3,1,56.9,2,48.6
"1300","66",228,42,25,1529,1,2,44.1,2,57.1
"1301","66",229,43,25,1530,1,1,48.1,3,46.8
"1302","66",23,37,5,284,3,3,35.2,2,26.7
"1303","66",230,44,25,1531,NA,1,56.4,2,52
"1304","66",231,44,26,1593,4,4,46.1,3,45
"1305","66",232,43,26,1592,1,1,53.5,2,53
"1306","66",233,42,26,1591,NA,4,54.9,1,48.8
"1307","66",234,41,26,1590,NA,2,58.2,4,43.5
"1308","66",235,40,26,1589,2,4,42.4,3,55.1
"1309","66",236,39,26,1588,NA,2,50.1,2,58.2
"1310","66",237,38,26,1587,1,1,60.2,3,54.4
"1311","66",238,37,26,1586,2,2,59.5,4,52.2
"1312","66",239,36,26,1585,2,2,44.6,6,43.7
"1313","66",24,38,5,285,2,3,37,2,42.3
"1314","66",240,35,26,1584,NA,1,53.5,2,45.7
"1315","66",241,35,27,1646,2,0,60.8,2,50.8
"1316","66",242,36,27,1647,1,3,37.9,3,32.1
"1317","66",243,37,27,1648,1,2,53,2,41.7
"1318","66",244,38,27,1649,1,1,48.8,3,59.1
"1319","66",245,39,27,1650,1,2,48.2,3,48.6
"1320","66",246,40,27,1651,1,2,39.9,2,44.4
"1321","66",247,41,27,1652,1,1,52,3,43.7
"1322","66",248,42,27,1653,NA,1,51.7,2,49.5
"1323","66",249,43,27,1654,NA,1,48.1,2,52.4
"1324","66",25,39,5,286,3,2,55.3,1,47.7
"1325","66",26,40,5,287,1,4,43,2,40.3
"1326","66",27,41,5,288,4,4,32.8,1,36.4
"1327","66",28,42,5,289,4,4,35.5,3,39.2
"1328","66",29,43,5,290,4,5,37.9,4,35.9
"1329","66",3,37,3,160,NA,3,45.3,3,20.7
"1330","66",30,44,5,291,4,5,36.3,2,39.9
"1331","66",31,44,6,353,NA,3,33.4,2,44.2
"1332","66",32,43,6,352,2,2,43.3,2,31.6
"1333","66",33,42,6,351,1,5,31,2,52.4
"1334","66",34,41,6,350,2,3,40.6,1,57.9
"1335","66",35,40,6,349,1,2,52,2,60.2
"1336","66",36,39,6,348,2,3,41.3,3,43
"1337","66",37,38,6,347,1,3,50.4,3,59.1
"1338","66",38,37,6,346,4,2,44.1,4,48.8
"1339","66",39,36,6,345,2,4,43,3,44.1
"1340","66",4,38,3,161,NA,1,43,2,33.9
"1341","66",40,35,6,344,1,2,31,2,35.4
"1342","66",41,35,7,406,3,3,35.7,3,35.4
"1343","66",42,36,7,407,1,3,43.3,3,37
"1344","66",43,37,7,408,3,1,31,3,35.5
"1345","66",44,38,7,409,3,2,31.6,2,45.7
"1346","66",45,39,7,410,NA,0,59.1,1,37.4
"1347","66",46,40,7,411,1,4,38.6,3,36.6
"1348","66",47,41,7,412,NA,2,43,1,52.2
"1349","66",48,42,7,413,2,2,41.7,0,62.6
"1350","66",49,43,7,414,NA,4,46.1,2,50.1
"1351","66",5,39,3,162,NA,4,46.6,1,33.7
"1352","66",50,44,7,415,1,4,45,3,51.7
"1353","66",51,44,8,477,1,3,54.4,1,69.6
"1354","66",52,43,8,476,2,2,56.8,4,49.7
"1355","66",53,42,8,475,2,4,55.9,4,36.8
"1356","66",54,41,8,474,2,4,41.2,3,36.3
"1357","66",55,40,8,473,1,1,55.3,0,58
"1358","66",56,39,8,472,1,2,58.2,2,66.7
"1359","66",57,38,8,471,2,2,53.3,1,57.3
"1360","66",58,37,8,470,1,1,49.3,1,57.9
"1361","66",59,36,8,469,NA,3,50.1,1,50.6
"1362","66",6,40,3,163,3,3,38.3,3,27.4
"1363","66",60,35,8,468,NA,5,45.3,4,29
"1364","66",61,35,9,530,1,3,47,2,33.6
"1365","66",62,36,9,531,3,3,45.5,1,50.1
"1366","66",63,37,9,532,NA,1,46.8,1,37.4
"1367","66",64,38,9,533,1,6,33.6,2,48.1
"1368","66",65,39,9,534,2,4,37.9,2,38.3
"1369","66",66,40,9,535,NA,2,50.4,0,50.6
"1370","66",67,41,9,536,1,3,50.4,3,51.1
"1371","66",68,42,9,537,NA,3,53.3,0,66.4
"1372","66",69,43,9,538,NA,2,48.1,0,54.2
"1373","66",7,41,3,164,1,2,47.2,0,47.7
"1374","66",70,44,9,539,NA,6,35,3,38.4
"1375","66",71,44,10,601,1,4,35.9,3,31.7
"1376","66",72,43,10,600,NA,3,53.5,2,35.9
"1377","66",73,42,10,599,2,4,54,2,42.6
"1378","66",74,41,10,598,1,4,49.7,3,46.1
"1379","66",75,40,10,597,1,4,51.7,2,48.1
"1380","66",76,39,10,596,NA,3,47,4,44.4
"1381","66",77,38,10,595,2,1,71.5,1,45.3
"1382","66",78,37,10,594,1,1,50.8,3,44.2
"1383","66",79,36,10,593,NA,3,44.1,3,26.7
"1384","66",8,42,3,165,NA,3,48.2,3,38.3
"1385","66",80,35,10,592,NA,1,64,2,38.4
"1386","66",81,35,11,654,3,3,41.3,3,42.6
"1387","66",82,36,11,655,NA,3,48.8,1,45.3
"1388","66",83,37,11,656,NA,2,43.5,1,46.4
"1389","66",84,38,11,657,NA,1,46.8,0,59.5
"1390","66",85,39,11,658,1,2,49.1,1,55.5
"1391","66",86,40,11,659,4,4,35,3,54.4
"1392","66",87,41,11,660,NA,1,55.9,1,64.4
"1393","66",88,42,11,661,NA,2,56.2,3,60
"1394","66",89,43,11,662,1,1,58.4,3,53.3
"1395","66",9,43,3,166,1,2,53.1,1,39.4
"1396","66",90,44,11,663,1,3,51.5,3,37.4
"1397","66",91,44,12,725,3,4,48.2,3,33
"1398","66",92,43,12,724,5,3,36.6,3,39.2
"1399","66",93,42,12,723,1,4,34.1,2,37.7
"1400","66",94,41,12,722,1,3,47.2,1,43.5
"1401","66",95,40,12,721,NA,2,51.3,2,51.1
"1402","66",96,39,12,720,2,4,39.7,1,54.4
"1403","66",97,38,12,719,3,2,46.2,2,48.6
"1404","66",98,37,12,718,3,2,53.9,3,50.4
"1405","66",99,36,12,717,4,3,43.5,3,47
"1406","67",1,35,28,1708,NA,2,33.4,5,31
"1407","67",10,44,28,1717,3,2,39.5,3,46.2
"1408","67",100,35,37,2266,1,1,52,2,42.4
"1409","67",101,35,38,2328,NA,2,49.1,0,32.1
"1410","67",102,36,38,2329,1,4,55.3,3,41.7
"1411","67",103,37,38,2330,3,3,39.7,4,20.9
"1412","67",104,38,38,2331,1,4,45.2,1,45.5
"1413","67",105,39,38,2332,2,2,66,1,49.7
"1414","67",106,40,38,2333,2,2,49.3,2,40.8
"1415","67",107,41,38,2334,1,2,48.6,4,34.8
"1416","67",108,42,38,2335,2,2,48.4,3,37.7
"1417","67",109,43,38,2336,NA,2,31.4,2,39.9
"1418","67",11,44,29,1779,3,1,49.3,2,50.2
"1419","67",110,44,38,2337,NA,3,26.5,5,34.5
"1420","67",111,44,39,2399,NA,4,46.8,2,32.1
"1421","67",112,43,39,2398,5,4,31.7,4,17.2
"1422","67",113,42,39,2397,NA,3,42.6,3,43.2
"1423","67",114,41,39,2396,NA,3,36.4,3,21.4
"1424","67",115,40,39,2395,3,1,51.5,1,56
"1425","67",116,39,39,2394,2,1,41.5,0,51.3
"1426","67",117,38,39,2393,3,1,61.7,2,50.2
"1427","67",118,37,39,2392,2,2,60.8,0,48.8
"1428","67",119,36,39,2391,1,1,49.1,2,24.7
"1429","67",12,43,29,1778,3,2,56.4,1,55.5
"1430","67",120,35,39,2390,NA,1,49.1,2,35
"1431","67",121,46,1,45,1,2,53.1,3,17
"1432","67",122,47,1,46,NA,2,47.3,3,17.6
"1433","67",123,48,1,47,NA,1,41.5,3,20.1
"1434","67",124,49,1,48,NA,2,35.4,2,29.6
"1435","67",125,50,1,49,1,3,51.5,1,54.9
"1436","67",126,51,1,50,NA,2,38.3,5,24.8
"1437","67",127,52,1,51,1,2,58.2,3,35.7
"1438","67",128,53,1,52,1,1,37.5,2,38.3
"1439","67",129,54,1,53,NA,2,39.4,2,51.1
"1440","67",13,42,29,1777,3,3,48.6,1,50.8
"1441","67",130,55,1,54,NA,2,43,1,58.2
"1442","67",131,55,2,116,1,1,51.1,4,35.2
"1443","67",132,54,2,115,NA,3,56.8,3,40.3
"1444","67",133,53,2,114,NA,1,42.3,2,29.6
"1445","67",134,52,2,113,NA,1,66.6,1,37.9
"1446","67",135,51,2,112,NA,3,46.8,3,39.7
"1447","67",136,50,2,111,NA,4,37.9,2,37.7
"1448","67",137,49,2,110,2,2,45,2,39
"1449","67",138,48,2,109,2,2,51,2,31
"1450","67",139,47,2,108,2,3,39,2,26.8
"1451","67",14,41,29,1776,3,3,45.7,3,44.4
"1452","67",140,46,2,107,3,2,43,1,33.6
"1453","67",141,46,3,169,1,4,47.3,2,28.1
"1454","67",142,47,3,170,1,3,49.7,1,35.7
"1455","67",143,48,3,171,1,4,38.8,1,33.2
"1456","67",144,49,3,172,1,2,48.6,0,29
"1457","67",145,50,3,173,1,2,49.5,2,43.3
"1458","67",146,51,3,174,1,2,52.4,2,39.2
"1459","67",147,52,3,175,1,3,49.7,1,41
"1460","67",148,53,3,176,1,3,37.4,1,48.8
"1461","67",149,54,3,177,NA,5,24.8,3,35
"1462","67",15,40,29,1775,NA,3,44.2,3,54.6
"1463","67",150,55,3,178,NA,4,28.5,3,35.4
"1464","67",151,55,4,240,NA,2,31,1,46.2
"1465","67",152,54,4,239,NA,2,34.5,0,50.6
"1466","67",153,53,4,238,NA,1,40.6,1,49.1
"1467","67",154,52,4,237,3,2,45,0,24.8
"1468","67",155,51,4,236,NA,3,35,0,47.5
"1469","67",156,50,4,235,NA,4,29.6,0,41.2
"1470","67",157,49,4,234,NA,4,50.6,2,39.9
"1471","67",158,48,4,233,NA,3,40.6,1,43.2
"1472","67",159,47,4,232,NA,2,44.6,4,33.9
"1473","67",16,39,29,1774,1,4,36.8,3,42.6
"1474","67",160,46,4,231,1,1,47,4,37.7
"1475","67",161,46,5,293,3,3,48.2,2,23.4
"1476","67",162,47,5,294,2,2,51.7,2,30.6
"1477","67",163,48,5,295,2,2,33.2,3,21.4
"1478","67",164,49,5,296,1,2,39.2,2,26.5
"1479","67",165,50,5,297,2,4,51.3,1,47.2
"1480","67",166,51,5,298,NA,3,29.4,3,18.1
"1481","67",167,52,5,299,1,3,33.7,1,27.4
"1482","67",168,53,5,300,1,4,30.6,0,41.9
"1483","67",169,54,5,301,NA,3,42.8,3,31.7
"1484","67",17,38,29,1773,NA,1,21.8,2,50.1
"1485","67",170,55,5,302,1,2,29.2,2,46.4
"1486","67",171,55,6,364,1,3,36.4,3,39.7
"1487","67",172,54,6,363,1,3,43.2,1,45.2
"1488","67",173,53,6,362,NA,3,36.3,2,40.4
"1489","67",174,52,6,361,2,4,31.7,1,41.3
"1490","67",175,51,6,360,1,4,28.7,2,35
"1491","67",176,50,6,359,3,3,32.5,1,44.6
"1492","67",177,49,6,358,2,3,29.4,2,34.1
"1493","67",178,48,6,357,2,3,31,3,34.6
"1494","67",179,47,6,356,NA,5,33.9,3,45.3
"1495","67",18,37,29,1772,1,2,58,2,46.6
"1496","67",180,46,6,355,4,3,30.1,0,37
"1497","67",181,46,7,417,NA,2,41.7,2,44.4
"1498","67",182,47,7,418,1,3,51.1,2,38.4
"1499","67",183,48,7,419,NA,2,42.8,1,58.4
"1500","67",184,49,7,420,2,2,39.2,2,47.3
"1501","67",185,50,7,421,2,4,35.4,1,53.9
"1502","67",186,51,7,422,1,4,37.5,3,46.4
"1503","67",187,52,7,423,1,2,43.5,2,36.4
"1504","67",188,53,7,424,1,2,39.5,4,38.3
"1505","67",189,54,7,425,1,4,26.1,2,45.5
"1506","67",19,36,29,1771,4,1,58.6,2,54.6
"1507","67",190,55,7,426,4,3,35.5,3,44.8
"1508","67",191,55,8,488,2,4,27.6,3,48.1
"1509","67",192,54,8,487,3,2,31.9,2,42.3
"1510","67",193,53,8,486,4,5,36.4,1,56
"1511","67",194,52,8,485,2,3,47.5,2,61.1
"1512","67",195,51,8,484,3,2,53.5,1,49.3
"1513","67",196,50,8,483,NA,1,47.2,1,53
"1514","67",197,49,8,482,2,3,34.1,1,39.7
"1515","67",198,48,8,481,2,3,34.8,0,43.7
"1516","67",199,47,8,480,3,2,49.1,2,47
"1517","67",2,36,28,1709,1,3,43.2,3,40.4
"1518","67",20,35,29,1770,1,3,40.3,2,39.5
"1519","67",200,46,8,479,1,2,45.3,1,46.4
"1520","67",201,46,9,541,3,2,49.3,1,54
"1521","67",202,47,9,542,3,4,37.9,5,34.1
"1522","67",203,48,9,543,NA,3,43.5,2,50.8
"1523","67",204,49,9,544,1,3,35,4,39.5
"1524","67",205,50,9,545,1,2,54.4,2,68.4
"1525","67",206,51,9,546,2,3,47,3,45
"1526","67",207,52,9,547,4,4,50.2,3,45.2
"1527","67",208,53,9,548,NA,2,45.7,1,53.5
"1528","67",209,54,9,549,1,3,32.5,2,37.5
"1529","67",21,35,30,1832,1,2,38.4,1,33.9
"1530","67",210,55,9,550,3,3,42.4,5,35
"1531","67",211,55,10,612,4,3,27.2,4,41.5
"1532","67",212,54,10,611,3,2,42.3,4,42.3
"1533","67",213,53,10,610,3,1,50.4,3,46.8
"1534","67",214,52,10,609,2,3,44.2,2,48.1
"1535","67",215,51,10,608,2,5,46.6,2,29.7
"1536","67",216,50,10,607,2,3,45.7,2,47.5
"1537","67",217,49,10,606,NA,2,35.4,3,29.4
"1538","67",218,48,10,605,NA,3,41.9,2,24.3
"1539","67",219,47,10,604,1,2,39,1,48.4
"1540","67",22,36,30,1833,1,3,41.2,2,51.1
"1541","67",220,46,10,603,2,4,40.4,1,56.6
"1542","67",221,46,11,665,3,5,20.1,3,35.4
"1543","67",222,47,11,666,1,3,42.3,2,38.4
"1544","67",223,48,11,667,1,1,36.3,0,43.5
"1545","67",224,49,11,668,NA,1,48.8,1,50.2
"1546","67",225,50,11,669,2,4,43.7,3,50.1
"1547","67",226,51,11,670,NA,2,51.1,1,53.9
"1548","67",227,52,11,671,2,3,44.8,2,58
"1549","67",228,53,11,672,NA,4,36.8,2,54
"1550","67",229,54,11,673,1,5,32.8,3,50.2
"1551","67",23,37,30,1834,NA,1,46.2,1,63.1
"1552","67",230,55,11,674,2,3,33.7,3,58.6
"1553","67",231,55,12,736,1,4,38.4,1,65.6
"1554","67",232,54,12,735,NA,3,46.6,1,52
"1555","67",233,53,12,734,NA,3,46.4,2,53.9
"1556","67",234,52,12,733,NA,3,47.2,2,47.5
"1557","67",235,51,12,732,NA,4,47.2,3,38.4
"1558","67",236,50,12,731,1,4,45.5,3,66.7
"1559","67",237,49,12,730,1,4,31.2,3,45.5
"1560","67",238,48,12,729,3,4,42.8,3,36.3
"1561","67",239,47,12,728,3,4,27.7,3,38.3
"1562","67",24,38,30,1835,2,2,47.5,1,52.8
"1563","67",240,46,12,727,3,2,29.9,5,32.1
"1564","67",241,46,13,789,4,2,40.8,1,37.4
"1565","67",242,47,13,790,2,4,43.2,3,49
"1566","67",243,48,13,791,3,2,49.3,2,39.5
"1567","67",244,49,13,792,3,2,37.9,2,52.4
"1568","67",245,50,13,793,2,2,67.3,3,58
"1569","67",246,51,13,794,1,3,41.7,2,47
"1570","67",247,52,13,795,NA,4,38.3,0,73.6
"1571","67",248,53,13,796,1,1,48.8,1,53.3
"1572","67",249,54,13,797,1,0,54.4,1,51.3
"1573","67",25,39,30,1836,2,1,42.4,0,59.1
"1574","67",250,55,13,798,NA,0,55.3,3,45.3
"1575","67",251,55,14,860,3,2,27.9,3,36.8
"1576","67",252,54,14,859,2,5,46.1,2,46.1
"1577","67",253,53,14,858,2,2,40.4,2,54.2
"1578","67",254,52,14,857,1,4,36.6,2,41.2
"1579","67",255,51,14,856,2,3,41.2,2,37.5
"1580","67",256,50,14,855,2,2,51,1,63.7
"1581","67",257,49,14,854,2,3,41.7,1,63.3
"1582","67",258,48,14,853,3,2,41.5,4,44.8
"1583","67",259,47,14,852,1,2,42.3,1,60.8
"1584","67",26,40,30,1837,2,3,40.6,4,45.3
"1585","67",260,46,14,851,1,2,45.5,1,67.3
"1586","67",261,46,15,913,3,4,40.6,2,54.6
"1587","67",262,47,15,914,4,2,41,2,48.6
"1588","67",263,48,15,915,4,4,46.8,3,57.3
"1589","67",264,49,15,916,6,3,38.3,3,45.2
"1590","67",265,50,15,917,4,4,42.8,3,66.7
"1591","67",266,51,15,918,2,3,52.4,4,49.1
"1592","67",267,52,15,919,1,3,56.8,3,54.4
"1593","67",268,53,15,920,1,2,61.8,3,51.3
"1594","67",269,54,15,921,2,2,48.6,4,39.2
"1595","67",27,41,30,1838,1,2,45.5,2,41.9
"1596","67",270,55,15,922,NA,0,54,0,61.7
"1597","67",271,55,16,984,NA,1,44.8,3,44.1
"1598","67",272,54,16,983,NA,2,44.2,3,46.6
"1599","67",273,53,16,982,3,4,43.3,5,50.1
"1600","67",274,52,16,981,1,1,54.9,4,50.1
"1601","67",275,51,16,980,3,3,50.2,4,50.8
"1602","67",276,50,16,979,1,3,56.8,3,59.5
"1603","67",277,49,16,978,4,4,47.3,2,66.7
"1604","67",278,48,16,977,3,2,45,3,47.7
"1605","67",279,47,16,976,1,3,38.4,4,52.2
"1606","67",28,42,30,1839,NA,3,40.3,3,49.5
"1607","67",280,46,16,975,1,3,35.9,5,41.2
"1608","67",281,46,17,1037,3,2,40.8,2,50.1
"1609","67",282,47,17,1038,2,3,32.1,1,53.9
"1610","67",283,48,17,1039,1,3,41,2,41.4
"1611","67",284,49,17,1040,1,5,36.3,6,54.6
"1612","67",285,50,17,1041,2,2,43.5,2,70.7
"1613","67",286,51,17,1042,2,5,38.4,5,52.6
"1614","67",287,52,17,1043,2,3,42.3,2,59.3
"1615","67",288,53,17,1044,1,4,44.2,3,65.3
"1616","67",289,54,17,1045,3,3,43.5,3,62.4
"1617","67",29,43,30,1840,1,3,43,1,46.8
"1618","67",290,55,17,1046,3,4,44.8,3,56.8
"1619","67",291,55,18,1108,1,2,55.9,3,45.4
"1620","67",292,54,18,1107,4,5,30.8,4,36.3
"1621","67",293,53,18,1106,2,3,53.3,2,36.9
"1622","67",294,52,18,1105,2,5,51.3,2,34
"1623","67",295,51,18,1104,2,4,50.8,3,32.6
"1624","67",296,50,18,1103,NA,5,49,4,33.8
"1625","67",297,49,18,1102,1,2,45.2,2,28.3
"1626","67",298,48,18,1101,1,2,49.5,2,32.3
"1627","67",299,47,18,1100,3,2,44.2,2,17.3
"1628","67",3,37,28,1710,1,2,50.2,2,44.2
"1629","67",30,44,30,1841,NA,2,44.6,1,48.6
"1630","67",300,46,18,1099,NA,3,50.1,3,29.6
"1631","67",301,46,19,1161,1,2,49.5,3,26.9
"1632","67",302,47,19,1162,4,3,49.5,3,33.4
"1633","67",303,48,19,1163,1,1,55.3,1,41.9
"1634","67",304,49,19,1164,1,1,59.8,1,41.5
"1635","67",305,50,19,1165,2,2,39.2,2,44
"1636","67",306,51,19,1166,2,4,53.5,2,33.3
"1637","67",307,52,19,1167,1,4,44.8,2,30.7
"1638","67",308,53,19,1168,1,2,56.6,1,44.4
"1639","67",309,54,19,1169,1,3,39.5,2,49.7
"1640","67",31,44,31,1903,NA,2,39,1,49.3
"1641","67",310,55,19,1170,1,1,51.7,2,46.2
"1642","67",311,55,20,1232,1,2,31.6,3,43.9
"1643","67",312,54,20,1231,NA,3,49,2,49.5
"1644","67",313,53,20,1230,2,2,54,3,40.1
"1645","67",314,52,20,1229,2,3,52.8,2,46.8
"1646","67",315,51,20,1228,2,3,50.6,3,42.2
"1647","67",316,50,20,1227,1,2,56,2,36.4
"1648","67",317,49,20,1226,1,2,56.2,2,42.1
"1649","67",318,48,20,1225,4,3,51.5,3,39.4
"1650","67",319,47,20,1224,1,2,52.4,2,36.8
"1651","67",32,43,31,1902,2,1,49.1,2,38.4
"1652","67",320,46,20,1223,3,1,51,3,29.2
"1653","67",321,46,21,1285,NA,2,48.8,2,29.1
"1654","67",322,47,21,1286,1,2,45.3,2,30
"1655","67",323,48,21,1287,1,3,53.3,1,44.5
"1656","67",324,49,21,1288,2,2,44.4,2,25.8
"1657","67",325,50,21,1289,3,1,72.7,2,51.5
"1658","67",326,51,21,1290,1,3,50.1,2,27.8
"1659","67",327,52,21,1291,3,2,45.5,4,40.6
"1660","67",328,53,21,1292,1,4,54,4,33.7
"1661","67",329,54,21,1293,2,3,41.7,3,38.6
"1662","67",33,42,31,1901,NA,1,45.5,2,34.6
"1663","67",330,55,21,1294,NA,3,42.3,2,43.5
"1664","67",331,55,22,1356,3,1,49.1,2,42.4
"1665","67",332,54,22,1355,2,3,42.8,2,48
"1666","67",333,53,22,1354,NA,1,59.8,0,37.8
"1667","67",334,52,22,1353,3,3,37,1,45.4
"1668","67",335,51,22,1352,3,3,47.2,3,46.8
"1669","67",336,50,22,1351,1,2,55.3,2,51.5
"1670","67",337,49,22,1350,1,2,46.8,1,56.7
"1671","67",338,48,22,1349,NA,1,54.2,2,39.6
"1672","67",339,47,22,1348,1,3,44.2,5,31.1
"1673","67",34,41,31,1900,NA,2,43.5,1,42.8
"1674","67",340,46,22,1347,1,2,45.2,4,30.9
"1675","67",341,46,23,1409,NA,1,38.3,3,27.3
"1676","67",342,47,23,1410,2,3,35.7,3,18.4
"1677","67",343,48,23,1411,3,4,47.7,4,39.8
"1678","67",344,49,23,1412,4,2,43.5,4,23.1
"1679","67",345,50,23,1413,1,2,54.4,1,54.7
"1680","67",346,51,23,1414,1,3,46.1,3,37.7
"1681","67",347,52,23,1415,2,3,37.7,3,40.2
"1682","67",348,53,23,1416,NA,1,48.6,2,36.5
"1683","67",349,54,23,1417,NA,4,33.4,3,38.5
"1684","67",35,40,31,1899,1,2,31.7,3,37.7
"1685","67",350,55,23,1418,1,3,26.7,5,26.8
"1686","67",351,55,24,1480,NA,2,35.2,4,27.6
"1687","67",352,54,24,1479,1,2,33,4,37.1
"1688","67",353,53,24,1478,3,4,44.8,3,35.5
"1689","67",354,52,24,1477,3,5,40.4,4,35.2
"1690","67",355,51,24,1476,1,1,53.1,2,22.1
"1691","67",356,50,24,1475,1,2,43,3,40.3
"1692","67",357,49,24,1474,2,3,37,3,20.6
"1693","67",358,48,24,1473,3,2,39.2,3,37.2
"1694","67",359,47,24,1472,1,1,44.4,3,32.2
"1695","67",36,39,31,1898,4,2,64.2,1,55.3
"1696","67",360,46,24,1471,1,1,54.6,5,18.9
"1697","67",361,46,25,1533,NA,3,58.2,4,29.9
"1698","67",362,47,25,1534,1,2,58.8,4,34.3
"1699","67",363,48,25,1535,3,2,50.2,4,28.9
"1700","67",364,49,25,1536,1,3,44.8,3,35.8
"1701","67",365,50,25,1537,2,3,47,1,54.7
"1702","67",366,51,25,1538,NA,2,53.5,3,45
"1703","67",367,52,25,1539,1,3,39.7,5,29.2
"1704","67",368,53,25,1540,3,4,47.7,3,35.4
"1705","67",369,54,25,1541,2,2,39.2,2,46.6
"1706","67",37,38,31,1897,NA,3,34.1,3,52.4
"1707","67",370,55,25,1542,2,2,38.8,3,33.9
"1708","67",371,55,26,1604,1,1,44.6,3,49.1
"1709","67",372,54,26,1603,1,1,45,1,45
"1710","67",373,53,26,1602,1,2,44.1,3,43.5
"1711","67",374,52,26,1601,2,6,33.4,2,35.8
"1712","67",375,51,26,1600,2,3,49.7,4,27.3
"1713","67",376,50,26,1599,3,1,41.9,2,36.7
"1714","67",377,49,26,1598,2,5,34.8,2,40.4
"1715","67",378,48,26,1597,2,1,41.5,2,46.8
"1716","67",379,47,26,1596,NA,1,48.1,4,35
"1717","67",38,37,31,1896,NA,4,29.6,3,43.2
"1718","67",380,46,26,1595,3,2,35.4,4,25.7
"1719","67",381,46,27,1657,NA,2,44.2,3,38.1
"1720","67",382,47,27,1658,3,1,58.4,2,43.1
"1721","67",383,48,27,1659,2,3,41.2,3,42.3
"1722","67",384,49,27,1660,1,3,49.3,2,42.5
"1723","67",385,50,27,1661,2,4,41.9,2,43.9
"1724","67",39,36,31,1895,1,3,35.9,1,42.4
"1725","67",4,38,28,1711,3,3,39,2,56.8
"1726","67",40,35,31,1894,4,1,45.2,1,40.6
"1727","67",41,35,32,1956,1,4,39.9,1,44.6
"1728","67",42,36,32,1957,2,5,36.6,1,44.1
"1729","67",43,37,32,1958,NA,3,34.6,3,46.6
"1730","67",44,38,32,1959,NA,3,47.5,0,62.7
"1731","67",45,39,32,1960,1,2,47.5,1,49.7
"1732","67",46,40,32,1961,NA,1,30.8,2,42.3
"1733","67",47,41,32,1962,NA,1,51.3,1,42.3
"1734","67",48,42,32,1963,3,2,53,2,43.3
"1735","67",49,43,32,1964,2,3,51.3,3,39.4
"1736","67",5,39,28,1712,2,2,54.9,3,50.6
"1737","67",50,44,32,1965,NA,0,60,0,45.3
"1738","67",51,44,33,2027,NA,2,58,3,51.1
"1739","67",52,43,33,2026,NA,0,65.1,1,58.2
"1740","67",53,42,33,2025,NA,1,50.4,0,38.4
"1741","67",54,41,33,2024,NA,1,57.9,0,37.9
"1742","67",55,40,33,2023,NA,5,36.3,3,32.5
"1743","67",56,39,33,2022,3,3,37.9,4,32.1
"1744","67",57,38,33,2021,NA,4,46.8,3,34.5
"1745","67",58,37,33,2020,NA,3,41,5,28.7
"1746","67",59,36,33,2019,2,4,36.6,2,41.3
"1747","67",6,40,28,1713,1,2,43.2,2,61.3
"1748","67",60,35,33,2018,1,3,35.4,3,35.4
"1749","67",61,35,34,2080,4,3,43.2,4,27.9
"1750","67",62,36,34,2081,NA,3,50.4,4,29
"1751","67",63,37,34,2082,4,2,39.9,4,40.3
"1752","67",64,38,34,2083,4,2,42.3,2,46.8
"1753","67",65,39,34,2084,2,2,47.7,2,48.8
"1754","67",66,40,34,2085,1,2,46.2,1,60
"1755","67",67,41,34,2086,NA,1,60,1,57.1
"1756","67",68,42,34,2087,2,3,49.1,3,50.2
"1757","67",69,43,34,2088,2,3,43,2,48.4
"1758","67",7,41,28,1714,2,2,52.8,2,53
"1759","67",70,44,34,2089,3,0,57.5,2,39.4
"1760","67",71,44,35,2151,5,5,41,2,54.9
"1761","67",72,43,35,2150,1,2,48.8,2,33.6
"1762","67",73,42,35,2149,3,2,50.1,2,54.4
"1763","67",74,41,35,2148,4,2,46.4,1,64.7
"1764","67",75,40,35,2147,4,3,35.5,3,66.4
"1765","67",76,39,35,2146,4,2,49.3,1,59.5
"1766","67",77,38,35,2145,5,2,54.2,1,63.7
"1767","67",78,37,35,2144,4,3,48.1,2,47.5
"1768","67",79,36,35,2143,2,4,27.6,2,46.8
"1769","67",8,42,28,1715,3,2,45,3,46.6
"1770","67",80,35,35,2142,6,3,41.2,4,22.8
"1771","67",81,35,36,2204,5,1,44.1,3,35.7
"1772","67",82,36,36,2205,2,3,54.4,4,39
"1773","67",83,37,36,2206,2,2,53,1,42.4
"1774","67",84,38,36,2207,1,2,45.2,1,35.5
"1775","67",85,39,36,2208,4,3,53.5,2,65.1
"1776","67",86,40,36,2209,1,1,41.2,2,36.8
"1777","67",87,41,36,2210,NA,1,64.7,2,43
"1778","67",88,42,36,2211,NA,4,44.1,1,43
"1779","67",89,43,36,2212,2,3,47.5,4,38.3
"1780","67",9,43,28,1716,3,1,43.7,1,38.4
"1781","67",90,44,36,2213,2,4,44.4,1,41.2
"1782","67",91,44,37,2275,NA,2,64.6,2,38.8
"1783","67",92,43,37,2274,1,1,68.5,2,41
"1784","67",93,42,37,2273,NA,4,38.6,4,35
"1785","67",94,41,37,2272,2,3,39.7,2,38.3
"1786","67",95,40,37,2271,1,3,36.6,4,35.4
"1787","67",96,39,37,2270,4,2,41.3,2,47.2
"1788","67",97,38,37,2269,1,3,53.3,1,43.7
"1789","67",98,37,37,2268,NA,2,56.2,3,32.8
"1790","67",99,36,37,2267,2,2,47.5,2,36.4
"1791","68",1,46,28,1719,4,2,37.7,3,37.6
"1792","68",10,55,28,1728,2,2,43,4,35.8
"1793","68",100,46,37,2277,2,1,52.8,0,44.7
"1794","68",101,46,38,2339,6,1,30.1,1,38.4
"1795","68",102,47,38,2340,1,2,34.5,5,35.6
"1796","68",103,48,38,2341,2,1,56.9,4,31
"1797","68",104,49,38,2342,4,2,41.3,3,35.3
"1798","68",105,50,38,2343,1,2,55.5,2,41.7
"1799","68",106,51,38,2344,3,2,46.1,2,37
"1800","68",107,52,38,2345,2,2,55.3,1,48.2
"1801","68",108,53,38,2346,4,4,50.2,4,49
"1802","68",109,54,38,2347,0,1,41.9,0,48.8
"1803","68",11,55,29,1790,5,2,45.2,3,41.7
"1804","68",110,55,38,2348,0,1,42.6,0,48.7
"1805","68",111,55,39,2410,0,1,50.8,0,46.7
"1806","68",112,54,39,2409,0,1,56.6,0,40.9
"1807","68",113,53,39,2408,3,3,58.9,3,45.2
"1808","68",114,52,39,2407,2,2,55.3,3,37.3
"1809","68",115,51,39,2406,2,2,46.6,3,38.5
"1810","68",116,50,39,2405,4,2,52.4,3,45.4
"1811","68",117,49,39,2404,2,2,39.5,5,35.3
"1812","68",118,48,39,2403,5,2,46.8,2,41.3
"1813","68",119,47,39,2402,4,1,69.6,2,51.8
"1814","68",12,54,29,1789,1,0,71.6,0,58.7
"1815","68",120,46,39,2401,4,2,51.3,3,51.8
"1816","68",121,57,1,56,1,2,45,3,42.7
"1817","68",122,58,1,57,1,2,42.6,3,47.9
"1818","68",123,59,1,58,1,0,53.3,2,42.7
"1819","68",124,60,1,59,5,2,38.3,3,32.4
"1820","68",125,61,1,60,2,1,60.9,0,44.5
"1821","68",126,61,2,122,5,3,32.8,2,41.5
"1822","68",127,60,2,121,6,3,33.4,2,33.7
"1823","68",128,59,2,120,5,3,34.6,2,45
"1824","68",129,58,2,119,3,3,37.4,2,50.3
"1825","68",13,53,29,1788,3,1,72.2,2,46.2
"1826","68",130,57,2,118,3,3,41.9,3,47.4
"1827","68",131,57,3,180,NA,2,51,2,34.2
"1828","68",132,58,3,181,3,2,46.2,3,31.8
"1829","68",133,59,3,182,3,1,51.1,1,64.5
"1830","68",134,60,3,183,2,3,41.3,2,30
"1831","68",135,61,3,184,NA,2,39.4,2,42.7
"1832","68",136,61,4,246,NA,4,35.4,2,40.2
"1833","68",137,60,4,245,4,3,43.7,3,36.3
"1834","68",138,59,4,244,1,2,34.8,3,35.8
"1835","68",139,58,4,243,4,3,39,3,33.2
"1836","68",14,52,29,1787,NA,0,76,3,43.7
"1837","68",140,57,4,242,3,2,43.2,1,45.1
"1838","68",141,57,5,304,1,2,24.7,4,23.8
"1839","68",142,58,5,305,NA,2,47.2,3,36.1
"1840","68",143,59,5,306,3,2,41.9,4,38
"1841","68",144,60,5,307,NA,1,56.9,3,46.8
"1842","68",145,61,5,308,2,2,55.5,1,43.1
"1843","68",146,61,6,370,4,2,43.3,5,40.1
"1844","68",147,60,6,369,1,2,44.4,2,46
"1845","68",148,59,6,368,3,2,42.6,3,47.9
"1846","68",149,58,6,367,4,2,44.1,4,32
"1847","68",15,51,29,1786,1,1,58.4,1,48.4
"1848","68",150,57,6,366,4,1,37.9,3,45.1
"1849","68",151,57,7,428,4,1,48.1,3,37.9
"1850","68",152,58,7,429,3,3,39.4,3,30.9
"1851","68",153,59,7,430,4,3,35.9,3,43.8
"1852","68",154,60,7,431,NA,4,42.3,0,45.5
"1853","68",155,61,7,432,1,5,30.6,3,53
"1854","68",156,61,8,494,NA,4,37.9,3,53.8
"1855","68",157,60,8,493,1,4,37.5,3,53.8
"1856","68",158,59,8,492,1,3,38.6,2,47.5
"1857","68",159,58,8,491,3,1,52.8,2,52.8
"1858","68",16,50,29,1785,2,1,46.6,2,42.5
"1859","68",160,57,8,490,2,1,47.2,2,50.5
"1860","68",161,57,9,552,NA,2,47.7,4,34
"1861","68",17,49,29,1784,2,3,51.7,2,64.8
"1862","68",18,48,29,1783,1,4,49.1,1,60.7
"1863","68",19,47,29,1782,NA,2,46.2,2,54.7
"1864","68",2,47,28,1720,1,1,41.2,0,42.8
"1865","68",20,46,29,1781,NA,3,43,2,48.9
"1866","68",21,46,30,1843,NA,1,38.6,2,48.5
"1867","68",22,47,30,1844,1,1,48.2,2,50.9
"1868","68",23,48,30,1845,1,2,50.2,0,52.8
"1869","68",24,49,30,1846,NA,2,51.1,0,60.5
"1870","68",25,50,30,1847,NA,2,52.2,1,50.8
"1871","68",26,51,30,1848,2,0,67.8,0,61.2
"1872","68",27,52,30,1849,2,1,48.4,1,52.6
"1873","68",28,53,30,1850,4,0,61.3,2,59
"1874","68",29,54,30,1851,3,0,67.6,2,41.6
"1875","68",3,48,28,1721,3,2,46.1,1,46.5
"1876","68",30,55,30,1852,2,2,44.4,3,43
"1877","68",31,55,31,1914,4,1,64.4,5,34.3
"1878","68",32,54,31,1913,4,1,66.2,4,37.5
"1879","68",33,53,31,1912,4,2,50.8,2,48.9
"1880","68",34,52,31,1911,3,4,38.3,2,47.9
"1881","68",35,51,31,1910,5,3,31.7,2,45.2
"1882","68",36,50,31,1909,4,3,43.7,3,38.8
"1883","68",37,49,31,1908,2,2,39.5,3,50.8
"1884","68",38,48,31,1907,2,2,49.3,1,49.4
"1885","68",39,47,31,1906,1,4,31.6,3,46.9
"1886","68",4,49,28,1722,1,1,46.4,3,40
"1887","68",40,46,31,1905,3,3,31.4,2,45.8
"1888","68",41,46,32,1967,3,1,40.8,3,48.5
"1889","68",42,47,32,1968,2,4,38.8,1,44.3
"1890","68",43,48,32,1969,3,3,35.5,4,35
"1891","68",44,49,32,1970,3,2,31.6,5,34.4
"1892","68",45,50,32,1971,3,2,51,1,45.8
"1893","68",46,51,32,1972,4,3,51.1,4,45.2
"1894","68",47,52,32,1973,3,1,49.5,1,32.2
"1895","68",48,53,32,1974,2,1,57.1,0,47.2
"1896","68",49,54,32,1975,1,1,55.1,3,42
"1897","68",5,50,28,1723,3,1,55.1,1,48.6
"1898","68",50,55,32,1976,1,0,54.8,0,64.8
"1899","68",51,55,33,2038,3,2,46.1,1,50.8
"1900","68",52,54,33,2037,3,3,57.3,1,61
"1901","68",53,53,33,2036,2,1,66.6,3,42.1
"1902","68",54,52,33,2035,3,1,53.3,2,46.4
"1903","68",55,51,33,2034,2,2,62.9,1,64.3
"1904","68",56,50,33,2033,NA,2,53.5,1,55.8
"1905","68",57,49,33,2032,NA,3,41.5,0,66.5
"1906","68",58,48,33,2031,NA,2,51,0,52.6
"1907","68",59,47,33,2030,3,1,51.3,2,47.7
"1908","68",6,51,28,1724,NA,0,51.1,1,52.2
"1909","68",60,46,33,2029,NA,1,57.9,0,39
"1910","68",61,46,34,2091,NA,1,44.8,1,36.6
"1911","68",62,47,34,2092,NA,1,37,1,42.6
"1912","68",63,48,34,2093,2,0,59.3,0,47.2
"1913","68",64,49,34,2094,2,0,68.2,1,58.2
"1914","68",65,50,34,2095,1,1,66.2,0,46.6
"1915","68",66,51,34,2096,1,3,39.7,0,56.7
"1916","68",67,52,34,2097,NA,4,43.7,0,54.5
"1917","68",68,53,34,2098,5,2,33.4,0,50.8
"1918","68",69,54,34,2099,3,3,31.7,1,39
"1919","68",7,52,28,1725,NA,3,41,0,57.1
"1920","68",70,55,34,2100,NA,0,35.7,0,44.3
"1921","68",71,55,35,2162,4,2,35,0,51.8
"1922","68",72,54,35,2161,3,4,24.8,0,40.7
"1923","68",73,53,35,2160,3,3,42.6,1,54.7
"1924","68",74,52,35,2159,2,4,44.4,0,49.4
"1925","68",75,51,35,2158,5,4,42.6,3,53.5
"1926","68",76,50,35,2157,2,1,30.6,1,42.8
"1927","68",77,49,35,2156,5,1,53.3,1,48.3
"1928","68",78,48,35,2155,3,2,38.4,1,50.7
"1929","68",79,47,35,2154,6,1,43.3,2,50.8
"1930","68",8,53,28,1726,2,3,47.3,1,49.6
"1931","68",80,46,35,2153,4,1,44.6,2,41.8
"1932","68",81,46,36,2215,4,2,48.1,0,50.2
"1933","68",82,47,36,2216,3,2,3.6,4,23.4
"1934","68",83,48,36,2217,4,4,16,3,38.2
"1935","68",84,49,36,2218,3,3,40.8,1,53
"1936","68",85,50,36,2219,4,3,42.6,1,52
"1937","68",86,51,36,2220,2,2,53.1,0,53.7
"1938","68",87,52,36,2221,1,4,45.5,4,46
"1939","68",88,53,36,2222,NA,3,53.1,2,54.8
"1940","68",89,54,36,2223,2,5,39.9,1,56.2
"1941","68",9,54,28,1727,5,2,34.5,2,40.7
"1942","68",90,55,36,2224,1,3,37.9,1,68.9
"1943","68",91,55,37,2286,3,2,58,1,45.2
"1944","68",92,54,37,2285,2,3,48.4,1,54
"1945","68",93,53,37,2284,2,3,37.7,4,35.4
"1946","68",94,52,37,2283,3,2,44.6,3,32
"1947","68",95,51,37,2282,1,1,50.4,3,34
"1948","68",96,50,37,2281,4,2,19.2,4,22.2
"1949","68",97,49,37,2280,NA,1,50.1,3,40.9
"1950","68",98,48,37,2279,2,2,52.4,2,48.8
"1951","68",99,47,37,2278,2,2,54.6,2,55.3
