plot_id,nursery_id,lr,byd,yield_st,sgc_la,yield_la
1.0,60,3,5,32.6,4,35.7
2.0,60,4,3,28.0,2,67.5
3.0,60,2,5,28.2,1,46.1
4.0,60,,2,34.4,1,58.8
5.0,60,1,3,35.9,1,50.1
6.0,60,1,2,47.5,3,47.8
7.0,60,,4,33.3,1,39.2
8.0,60,,1,51.6,2,59.7
9.0,60,,1,44.3,1,47.9
10.0,60,,2,29.7,1,30.3
11.0,60,,3,26.3,1,47.3
12.0,60,1,2,43.4,1,53.6
13.0,60,,3,51.4,2,45.8
14.0,60,1,2,32.4,1,54.7
15.0,60,3,5,32.9,5,32
16.0,60,4,5,34.3,6,30.9
17.0,60,1,4,35.0,0,53.3
18.0,60,2,4,38.9,1,64.6
19.0,60,,4,38.3,1,47.8
20.0,60,2,3,19.2,2,60.8
21.0,60,1,5,18.0,4,39.4
22.0,60,2,4,25.5,1,40.7
23.0,60,4,3,27.5,6,30.8
24.0,60,2,3,27.8,1,51.3
25.0,60,3,3,43.1,1,62
26.0,60,2,2,33.8,1,44.9
27.0,60,2,2,45.4,0,62.9
28.0,60,2,1,55.1,1,45.5
29.0,60,2,4,30.2,0,54.1
30.0,60,3,2,33.6,3,51.2
31.0,60,1,2,41.2,0,55.8
32.0,60,3,5,29.6,3,32.1
33.0,60,2,4,42.9,1,49.3
34.0,60,1,4,45.8,1,48.3
35.0,60,,2,29.7,3,35.3
36.0,60,3,4,30.7,1,46.4
37.0,60,,4,35.9,0,33.6
38.0,60,3,6,35.9,1,26.2
39.0,60,4,4,32.4,0,31
40.0,60,,6,25.3,0,29.4
41.0,60,1,4,25.6,0,52
42.0,60,1,4,35.5,1,42.6
43.0,60,,1,37.0,1,50
44.0,60,1,3,32.1,0,51.9
45.0,60,,3,35.9,0,52.3
46.0,60,1,3,28.1,3,36.7
47.0,60,2,4,35.6,3,47.8
48.0,60,,1,36.9,3,29.6
49.0,60,,2,35.2,1,45.7
50.0,60,2,3,31.5,1,44.3
51.0,60,2,2,35.7,0,41.2
52.0,60,2,4,36.0,3,35.5
53.0,60,,2,31.3,1,39.9
54.0,60,3,3,35.4,1,53.9
55.0,60,1,3,29.0,2,51.2
56.0,60,3,4,33.2,2,49.5
57.0,60,1,2,26.2,5,32
58.0,60,,5,20.9,4,21.3
59.0,60,,4,28.5,0,49.3
60.0,60,,3,23.5,1,52.2
61.0,60,,2,33.3,2,43.5
62.0,60,,1,44.1,1,35.5
63.0,60,,3,31.1,2,35.7
64.0,60,2,1,40.5,3,43.1
65.0,60,,0,49.6,2,46.9
66.0,60,3,2,32.8,5,37.6
67.0,60,,3,44.5,0,57.4
68.0,60,2,3,32.0,2,37.5
69.0,60,,4,32.4,1,46.3
70.0,60,,4,32.7,0,56.8
71.0,60,,3,39.6,1,47
72.0,60,,2,41.6,1,47
73.0,60,,3,41.9,2,46.9
74.0,60,3,3,44.3,1,55.6
75.0,60,,1,33.4,0,58.7
76.0,60,1,2,46.7,2,54.8
77.0,60,3,5,43.2,2,34.8
78.0,60,2,2,40.4,4,34.9
79.0,60,,4,33.2,1,31.8
80.0,60,1,3,31.8,1,47.8
81.0,60,1,4,27.7,1,47
82.0,60,1,2,32.1,1,47.7
83.0,60,,3,41.4,1,48.5
84.0,60,2,2,40.7,2,54.9
85.0,60,2,3,36.5,2,54.4
86.0,60,1,1,46.4,3,64.4
87.0,60,3,2,47.3,1,73.3
88.0,60,,1,44.1,1,54.2
89.0,60,,1,44.2,3,50.5
90.0,60,1,2,40.9,2,45.6
91.0,60,,1,39.6,0,53.1
92.0,60,,2,43.3,3,49.3
93.0,60,1,3,37.8,1,51.7
94.0,60,1,1,48.7,1,46.7
95.0,60,2,0,49.5,2,43.3
96.0,60,3,1,42.8,1,51.7
97.0,60,5,3,33.0,0,52.8
98.0,60,4,3,32.3,2,57.7
99.0,60,4,4,22.8,5,34.1
100.0,60,2,1,33.8,3,46.5
101.0,60,3,3,20.8,3,41.4
102.0,60,2,2,21.5,1,24.2
103.0,60,2,4,29.9,0,42
104.0,60,1,1,34.3,1,55.3
105.0,60,2,2,40.9,1,53.3
106.0,60,2,1,36.3,2,49.2
107.0,60,4,1,44.1,3,45.5
108.0,60,,2,44.9,2,57.7
109.0,60,5,2,33.2,4,48.5
110.0,60,3,2,36.6,1,53.9
111.0,60,3,2,30.1,2,51.1
112.0,60,,3,30.8,3,45.6
113.0,60,4,1,47.3,4,45.6
114.0,60,3,4,31.3,4,42.5
115.0,60,2,2,38.7,4,46.6
116.0,60,3,2,39.9,0,59.2
117.0,60,2,3,35.6,0,52.5
118.0,60,1,4,33.5,1,49.8
119.0,60,3,4,29.3,5,32.9
120.0,60,4,4,20.9,1,65.4
121.0,60,1,2,36.3,4,51.9
122.0,60,3,1,28.1,1,58.6
123.0,60,,1,48.0,6,37.1
124.0,60,4,4,24.8,6,24.4
125.0,60,,5,31.0,0,62.9
126.0,60,,2,43.0,4,47.2
127.0,60,1,4,33.0,1,61.7
128.0,60,2,2,33.7,2,53.9
129.0,60,,3,34.5,0,60.8
130.0,60,,3,40.9,3,42.1
131.0,60,,3,21.1,1,37.8
132.0,60,1,1,45.6,2,63.5
133.0,60,2,1,44.6,1,42.7
134.0,60,2,2,40.7,1,53.3
135.0,60,1,1,47.7,3,52.2
136.0,60,3,1,44.4,3,47.7
137.0,60,2,1,48.1,4,44
138.0,60,,5,28.7,2,40.7
139.0,60,,4,23.8,1,45.5
140.0,60,,3,24.3,2,42.4
141.0,60,1,2,28.7,4,49.1
142.0,60,1,3,27.0,4,45.2
143.0,60,1,1,50.9,2,51
144.0,60,,1,44.8,1,46.5
145.0,60,1,0,47.3,2,50.5
146.0,60,2,1,41.6,1,58.6
147.0,60,1,1,54.0,2,56.8
148.0,60,,2,29.6,3,39.1
149.0,60,2,2,44.2,3,58.6
150.0,60,2,1,47.2,1,61.6
151.0,60,3,1,46.5,2,55.7
152.0,60,2,1,49.7,4,55.6
153.0,60,,2,44.8,1,45.2
154.0,60,2,1,45.1,1,58.5
155.0,60,3,2,32.1,4,43.6
156.0,60,4,1,35.5,3,36.5
157.0,60,3,1,42.0,5,28
158.0,60,,3,23.3,1,57.2
159.0,60,2,4,22.4,1,39.1
160.0,60,3,3,23.0,3,42.5
161.0,60,,4,13.7,2,24.1
162.0,60,3,5,27.8,3,39.3
163.0,60,2,3,40.6,3,38.6
164.0,60,,1,44.8,1,58.7
165.0,60,1,2,43.1,2,55.7
166.0,60,4,1,38.2,5,41.4
167.0,60,3,2,37.9,1,71.3
168.0,60,3,2,35.8,0,71.7
169.0,60,2,2,33.9,3,46.2
170.0,60,3,2,34.2,2,46.7
171.0,60,,2,30.2,1,56.6
172.0,60,1,2,34.0,5,40.7
173.0,60,2,1,34.5,1,49.1
174.0,60,,2,39.4,2,63.8
175.0,60,3,2,40.7,2,48.5
176.0,60,1,2,36.6,2,61
177.0,60,3,5,31.3,4,34
178.0,60,3,3,32.8,5,41.3
179.0,60,3,4,16.2,4,30.6
180.0,60,1,3,25.3,1,52.9
181.0,60,3,2,19.8,2,48.2
182.0,60,,3,34.7,0,55.9
183.0,60,5,6,24.2,2,57.7
184.0,60,,4,36.2,0,45.5
185.0,60,3,2,38.7,0,63.4
186.0,60,,3,28.0,0,51.8
187.0,60,,3,29.6,1,68.5
188.0,60,,2,43.7,0,50.9
189.0,60,1,2,43.3,3,45.8
190.0,60,,1,42.6,2,50.6
191.0,60,2,1,28.0,2,39.1
192.0,60,,1,47.1,3,41.6
193.0,60,2,2,38.4,3,24.1
194.0,60,3,3,21.6,3,42.6
195.0,60,4,1,34.2,2,50
196.0,60,4,1,31.8,1,45.4
197.0,60,4,2,36.0,2,36.7
198.0,60,2,3,30.6,0,36.2
199.0,60,4,4,24.8,2,30.4
200.0,60,2,2,17.2,0,50.6
201.0,60,3,4,10.7,1,52.2
202.0,60,2,4,25.5,2,36.9
203.0,60,2,3,31.9,3,45.6
204.0,60,3,3,43.1,3,28.9
205.0,60,,2,34.6,0,54
206.0,60,4,3,25.7,4,40.9
207.0,60,3,3,20.6,4,45.6
208.0,60,3,5,28.1,5,34.1
1.0,61,,1,33.5,1,29.5
2.0,61,,3,30.6,3,32.7
3.0,61,1.0,3,42.9,3,25
4.0,61,2.0,2,40.9,2,46.4
5.0,61,1.0,2,55.7,3,52.5
6.0,61,1.0,3,44.6,2,50.2
7.0,61,1.0,1,30.7,0,54.8
8.0,61,2.0,3,34.3,4,45.6
9.0,61,,0,50.0,1,53.5
10.0,61,1.0,3,33.6,3,61.3
11.0,61,1.0,1,46.0,2,51.6
12.0,61,,2,40.0,3,39.7
13.0,61,,1,45.0,2,50
14.0,61,1.0,2,45.9,4,37.9
15.0,61,1.0,2,43.9,4,44.4
16.0,61,1.0,3,32.7,4,34.9
17.0,61,3.0,1,48.3,4,34.7
18.0,61,2.0,1,33.7,2,28.9
19.0,61,2.0,1,40.3,4,36.7
20.0,61,,5,24.5,3,19
21.0,61,1.0,2,20.4,3,29.9
22.0,61,1.0,2,36.1,2,47.3
23.0,61,1.0,1,33.6,2,39.1
24.0,61,2.0,2,48.7,3,44.3
25.0,61,1.0,3,25.1,2,50.6
26.0,61,,1,48.9,2,59.1
27.0,61,1.0,1,49.4,2,36.8
28.0,61,,1,41.9,5,34
29.0,61,1.0,2,34.2,3,30.9
30.0,61,3.0,1,38.7,5,19.6
31.0,61,3.0,1,25.8,4,42.5
32.0,61,3.0,2,29.2,3,29.5
33.0,61,1.0,2,35.5,3,37.7
34.0,61,,4,28.6,1,44.1
35.0,61,,4,28.5,1,56.6
36.0,61,2.0,3,33.1,4,36.1
37.0,61,2.0,4,39.8,1,61.1
38.0,61,1.0,5,39.8,3,46.6
39.0,61,1.0,4,31.0,2,55.6
40.0,61,,3,26.0,2,42.6
41.0,61,,2,32.5,2,42.9
42.0,61,,2,49.0,1,41.9
43.0,61,1.0,2,47.0,1,39.4
44.0,61,1.0,4,40.2,1,48.1
45.0,61,3.0,2,35.0,3,55.8
46.0,61,1.0,3,34.1,1,60.8
47.0,61,3.0,3,36.7,1,55.1
48.0,61,1.0,4,32.3,2,56.2
49.0,61,3.0,2,15.8,1,55.8
50.0,61,1.0,3,33.1,2,51.9
51.0,61,4.0,2,40.4,2,41
52.0,61,1.0,1,56.3,1,56.2
53.0,61,,3,36.6,2,28.4
54.0,61,1.0,2,34.3,5,30.4
55.0,61,,3,33.6,3,48.4
56.0,61,1.0,2,32.9,2,37.6
57.0,61,,0,43.4,1,56.3
58.0,61,,2,36.1,2,41.9
59.0,61,,2,37.7,3,47.4
60.0,61,,4,27.0,0,48.5
61.0,61,1.0,2,31.5,2,39.5
62.0,61,,1,36.0,1,50.8
63.0,61,,3,31.2,2,46.1
64.0,61,1.0,1,4.5,2,47.6
65.0,61,1.0,2,45.3,2,52
66.0,61,2.0,1,41.3,2,57.3
67.0,61,1.0,3,31.3,3,45.4
68.0,61,,2,39.9,4,45.5
69.0,61,1.0,2,48.4,2,41.9
70.0,61,1.0,1,43.9,2,40.2
71.0,61,1.0,2,29.8,4,39.6
72.0,61,1.0,1,54.0,2,59.9
73.0,61,2.0,3,32.8,6,34.6
74.0,61,,1,41.3,2,49.6
75.0,61,2.0,4,32.6,3,36.9
76.0,61,3.0,2,32.9,3,41.4
77.0,61,1.0,4,42.1,3,37.5
78.0,61,1.0,1,44.1,2,38.5
79.0,61,,3,31.6,5,38.2
80.0,61,,3,25.0,2,37.2
81.0,61,,2,28.4,3,30.9
82.0,61,,2,34.4,2,37.9
83.0,61,1.0,2,46.6,4,35.2
84.0,61,1.0,3,36.3,2,43.4
85.0,61,1.0,2,53.8,3,51.7
86.0,61,3.0,2,39.6,2,40.4
87.0,61,1.0,3,41.9,4,50
88.0,61,1.0,3,33.7,2,47
89.0,61,,1,50.3,4,34.8
90.0,61,1.0,0,35.1,3,38.2
91.0,61,2.0,2,45.1,2,50.7
92.0,61,1.0,2,32.2,3,36.3
93.0,61,,2,43.9,3,55.5
94.0,61,3.0,2,39.1,2,46.2
95.0,61,1.0,4,25.6,2,59.7
96.0,61,1.0,4,32.9,3,41.9
97.0,61,1.0,3,34.3,1,48.2
98.0,61,,4,30.8,2,30.8
99.0,61,1.0,2,28.5,3,35.6
100.0,61,,1,36.8,2,34.3
101.0,61,1.0,3,33.1,2,24.1
102.0,61,,4,27.6,4,6.8
103.0,61,1.0,5,26.5,3,11.4
104.0,61,1.0,4,27.0,3,33.7
105.0,61,,3,24.6,2,29.1
106.0,61,,3,32.3,4,44.4
107.0,61,1.0,1,36.0,3,36.7
108.0,61,1.0,2,42.5,1,51
109.0,61,,3,45.9,5,29.7
110.0,61,,3,33.8,6,35.4
111.0,61,,2,31.8,6,28.2
112.0,61,,2,39.9,5,28
113.0,61,,2,35.8,2,34.8
114.0,61,,2,42.2,2,24.7
115.0,61,2.0,3,29.5,3,24.7
116.0,61,1.0,4,34.1,3,16.2
117.0,61,1.0,3,21.5,3,28
118.0,61,1.0,3,24.5,3,18.7
119.0,61,,4,6.3,3,26.3
120.0,61,,3,25.7,1,26.7
121.0,61,,1,34.2,3,18.9
122.0,61,,4,33.9,4,29.3
123.0,61,,1,39.0,1,33.1
124.0,61,,0,40.1,3,38.8
125.0,61,,1,39.2,2,53.4
126.0,61,,0,47.7,2,35.7
127.0,61,,0,40.8,3,42.4
128.0,61,1.0,3,44.7,2,45.4
129.0,61,,2,32.6,2,16.3
130.0,61,,1,33.0,3,31
131.0,61,1.0,0,56.0,1,37.3
132.0,61,,1,43.6,2,23.7
133.0,61,,2,45.5,3,26.8
134.0,61,1.0,3,42.5,3,27.9
135.0,61,,3,39.9,2,27.5
136.0,61,,2,48.3,2,36.4
137.0,61,,5,36.0,2,26
138.0,61,1.0,4,46.8,1,42
139.0,61,,3,49.1,2,26.8
140.0,61,2.0,1,25.4,2,17.4
141.0,61,1.0,3,27.2,3,13.6
142.0,61,1.0,4,27.8,2,19.8
143.0,61,2.0,3,21.6,3,18.6
144.0,61,1.0,3,36.2,2,23.4
145.0,61,1.0,3,43.8,2,27.5
146.0,61,2.0,4,34.3,3,24.4
147.0,61,1.0,1,28.8,2,21.2
148.0,61,1.0,0,52.2,2,42
149.0,61,2.0,4,34.2,2,36.6
150.0,61,2.0,0,53.7,1,22
151.0,61,1.0,2,28.4,3,24.2
152.0,61,1.0,3,37.7,2,32.2
153.0,61,1.0,1,42.4,2,31.4
154.0,61,,0,43.1,2,16.8
155.0,61,,0,52.6,2,31.6
156.0,61,,0,51.2,2,29.1
157.0,61,,0,53.0,3,29.6
158.0,61,1.0,1,49.1,2,18
159.0,61,,2,40.7,2,17.9
160.0,61,1.0,2,31.0,2,18.7
161.0,61,,2,33.3,2,25
162.0,61,,2,37.2,1,21.3
163.0,61,,2,39.5,2,24.9
164.0,61,,4,43.6,2,22.7
165.0,61,1.0,2,53.2,2,32.6
166.0,61,,1,51.8,2,31
167.0,61,,3,48.1,1,31.5
168.0,61,,2,53.7,2,29.5
169.0,61,,1,40.9,2,23.3
170.0,61,3.0,3,33.0,2,23.1
171.0,61,,2,36.8,2,28.7
172.0,61,1.0,4,28.7,3,21.7
173.0,61,,2,36.9,2,20.6
174.0,61,4.0,3,41.0,2,16.2
175.0,61,,2,49.5,2,12
176.0,61,1.0,1,42.8,2,32.4
177.0,61,3.0,5,31.4,4,17.3
178.0,61,2.0,4,38.1,3,16.7
179.0,61,,5,19.9,2,22.4
180.0,61,1.0,3,26.2,2,17.7
181.0,61,,2,36.8,3,18.3
182.0,61,1.0,2,33.2,2,15.2
183.0,61,1.0,2,46.9,2,27.8
184.0,61,,3,46.7,2,34.1
185.0,61,,2,35.4,1,28.9
186.0,61,,3,34.1,2,31.7
187.0,61,,2,32.4,1,24.7
188.0,61,,4,38.4,3,26.5
189.0,61,,1,47.0,0,28
190.0,61,,2,45.6,3,23
191.0,61,1.0,2,33.6,1,30.2
192.0,61,,2,34.1,3,19.8
193.0,61,2.0,1,45.2,2,28.7
194.0,61,,2,42.8,2,28.8
195.0,61,,3,32.2,2,39.5
196.0,61,1.0,2,41.1,1,35.4
197.0,61,,1,50.0,2,34.4
198.0,61,,3,43.1,2,37.4
199.0,61,,4,34.4,2,28.1
200.0,61,,4,34.6,2,26.2
201.0,61,,3,36.9,3,28
202.0,61,,3,37.8,2,26.3
203.0,61,,3,25.4,2,28.5
204.0,61,,1,47.2,1,45.7
205.0,61,1.0,1,47.4,1,49.7
206.0,61,,2,37.2,2,51.3
207.0,61,2.0,4,31.4,2,39.8
208.0,61,,3,33.8,2,30.6
209.0,61,,5,24.8,3,33.8
210.0,61,1.0,2,30.9,3,31.3
211.0,61,2.0,1,44.2,2,30.9
212.0,61,,1,44.2,1,49.5
213.0,61,,2,38.7,1,47.8
214.0,61,3.0,4,28.9,2,46.9
215.0,61,,3,33.3,2,47.8
216.0,61,,1,38.4,1,51.7
217.0,61,,2,33.0,2,51.6
218.0,61,,3,33.6,2,48.1
219.0,61,,3,35.7,2,39.2
220.0,61,,3,30.9,2,44.9
221.0,61,,2,42.4,2,32.2
222.0,61,,4,37.2,2,47.5
1.0,62,1.0,3,33.1,2,31.3
2.0,62,1.0,5,25.5,4,36.3
3.0,62,1.0,3,34.9,1,40.9
4.0,62,2.0,4,31.3,2,26.3
5.0,62,2.0,1,50.8,0,41.4
6.0,62,,2,36.9,2,40.3
7.0,62,1.0,1,35.4,3,33.9
8.0,62,1.0,3,32.8,4,32.4
9.0,62,2.0,2,31.9,2,31.2
10.0,62,2.0,3,44.5,3,31.0
11.0,62,1.0,2,36.5,3,43.1
12.0,62,1.0,3,30.3,3,27.8
13.0,62,2.0,4,38.3,3,36.4
14.0,62,1.0,2,34.0,3,31.6
15.0,62,2.0,2,44.8,3,26.2
16.0,62,2.0,4,29.9,4,16.0
17.0,62,1.0,1,38.5,2,41.3
18.0,62,1.0,4,33.5,4,29.0
19.0,62,2.0,3,31.8,3,38.1
20.0,62,,5,30.6,1,41.5
21.0,62,2.0,2,38.0,2,46.3
22.0,62,,1,46.5,2,51.7
23.0,62,1.0,2,43.6,3,38.6
24.0,62,2.0,4,44.3,3,38.8
25.0,62,,3,50.4,2,37.6
26.0,62,,2,40.7,2,48.5
27.0,62,,3,32.2,3,33.9
28.0,62,,4,34.1,2,42.8
29.0,62,1.0,4,37.6,3,31.4
30.0,62,,2,39.2,4,43.6
31.0,62,,2,42.3,1,49.7
32.0,62,,2,36.4,2,49.6
33.0,62,,3,37.5,2,42.0
34.0,62,,3,40.5,2,49.4
35.0,62,,1,50.8,2,55.6
36.0,62,1.0,3,41.2,1,48.6
37.0,62,2.0,2,49.9,1,39.8
38.0,62,3.0,2,41.5,2,36.6
39.0,62,,1,59.7,2,43.1
40.0,62,,1,39.5,2,30.7
41.0,62,1.0,0,51.6,1,42.2
42.0,62,1.0,1,47.5,2,42.1
43.0,62,1.0,2,47.4,2,27.0
44.0,62,1.0,1,48.0,2,45.6
45.0,62,0.0,1,62.0,1,30.7
46.0,62,1.0,2,42.0,2,49.3
47.0,62,2.0,2,49.3,2,35.1
48.0,62,,4,40.6,1,54.8
49.0,62,,2,41.2,2,36.6
50.0,62,1.0,3,42.7,2,49.2
51.0,62,,2,42.5,2,56.7
52.0,62,,3,39.9,1,42.4
53.0,62,2.0,3,36.3,1,48.2
54.0,62,2.0,3,43.3,3,43.4
55.0,62,2.0,2,41.0,1,37.3
56.0,62,1.0,2,42.2,2,49.1
57.0,62,1.0,3,34.6,1,52.3
58.0,62,1.0,4,45.3,2,43.0
59.0,62,,0,46.1,1,4.9
60.0,62,1.0,1,41.9,2,39.6
61.0,62,3.0,4,45.2,2,37.0
62.0,62,2.0,2,50.0,2,46.8
63.0,62,,3,39.8,2,43.8
64.0,62,4.0,1,45.1,3,31.4
65.0,62,1.0,1,54.5,1,40.6
66.0,62,4.0,1,53.2,3,54.9
67.0,62,2.0,5,43.8,1,26.7
68.0,62,1.0,2,46.3,2,44.3
69.0,62,4.0,3,36.9,1,45.1
70.0,62,,1,37.6,1,50.6
71.0,62,2.0,3,34.7,2,53.4
72.0,62,3.0,2,46.3,1,51.6
73.0,62,2.0,4,37.0,1,48.5
74.0,62,2.0,4,31.3,2,46.8
75.0,62,3.0,4,36.7,3,44.5
76.0,62,,3,30.0,3,12.0
77.0,62,3.0,2,36.1,1,50.1
78.0,62,1.0,4,45.0,2,43.8
79.0,62,2.0,3,38.8,3,45.2
80.0,62,1.0,2,43.1,1,40.3
81.0,62,3.0,2,37.8,2,47.2
82.0,62,4.0,1,47.8,3,43.4
83.0,62,,2,37.0,2,36.2
84.0,62,3.0,4,27.6,2,47.6
85.0,62,3.0,4,38.2,1,39.2
86.0,62,2.0,2,36.5,1,50.0
87.0,62,4.0,2,41.8,3,48.8
88.0,62,1.0,2,35.4,2,51.2
89.0,62,3.0,3,40.7,2,48.2
90.0,62,3.0,2,30.1,1,62.3
91.0,62,2.0,2,28.8,5,36.7
92.0,62,1.0,2,46.5,1,43.4
93.0,62,,1,42.1,2,46.7
94.0,62,2.0,1,47.7,1,53.6
95.0,62,1.0,2,37.5,2,45.8
96.0,62,,2,30.7,4,31.9
97.0,62,2.0,2,39.0,2,35.0
98.0,62,,2,29.3,4,34.0
99.0,62,1.0,1,55.3,1,60.5
100.0,62,,0,62.9,0,64.8
101.0,62,,1,52.5,4,45.2
102.0,62,,0,47.2,3,48.4
103.0,62,1.0,1,45.5,2,54.8
104.0,62,,1,54.7,1,53.4
105.0,62,,3,42.3,2,37.7
106.0,62,1.0,1,51.9,2,53.2
107.0,62,,1,38.4,0,50.0
108.0,62,,1,41.0,0,49.3
109.0,62,,0,56.5,3,51.9
110.0,62,,1,49.2,2,49.4
111.0,62,1.0,1,49.3,1,53.8
112.0,62,,1,45.9,0,50.0
113.0,62,,2,49.5,6,35.5
114.0,62,1.0,3,33.5,1,54.7
115.0,62,,1,44.4,2,59.5
116.0,62,,1,39.5,0,54.2
117.0,62,1.0,1,36.6,0,65.0
118.0,62,,0,51.5,0,45.0
119.0,62,,1,38.9,1,47.0
120.0,62,1.0,3,39.1,2,55.6
121.0,62,1.0,3,30.6,2,48.6
122.0,62,,2,50.6,1,44.5
123.0,62,3.0,5,31.8,2,41.9
124.0,62,1.0,2,45.3,2,42.4
125.0,62,1.0,1,47.1,1,36.5
126.0,62,3.0,5,34.0,4,50.4
127.0,62,2.0,4,42.0,4,39.9
128.0,62,1.0,2,29.8,3,56.9
129.0,62,1.0,4,34.8,3,49.7
130.0,62,4.0,3,31.8,2,42.5
131.0,62,1.0,2,38.6,3,45.3
132.0,62,3.0,3,34.2,3,54.1
133.0,62,1.0,4,29.9,2,57.1
134.0,62,2.0,3,35.2,3,44.0
135.0,62,2.0,2,37.2,2,44.0
136.0,62,1.0,1,37.2,3,46.0
137.0,62,2.0,2,42.3,2,48.3
138.0,62,3.0,3,41.1,2,30.6
139.0,62,,3,44.6,3,41.1
140.0,62,,3,34.7,2,36.8
141.0,62,1.0,2,36.6,2,38.5
142.0,62,,3,41.2,2,38.8
143.0,62,,2,53.0,2,37.0
144.0,62,1.0,4,44.2,3,45.8
145.0,62,2.0,2,43.0,1,45.9
146.0,62,1.0,4,45.4,3,54.6
147.0,62,,4,37.6,2,44.8
148.0,62,,2,40.5,2,52.0
149.0,62,1.0,2,43.8,3,36.6
150.0,62,2.0,4,37.9,5,30.8
151.0,62,2.0,1,38.2,3,48.9
152.0,62,3.0,1,37.8,2,54.0
153.0,62,3.0,3,36.0,4,34.0
154.0,62,,2,39.8,3,5.1
155.0,62,,4,42.8,2,57.0
156.0,62,1.0,1,41.9,4,40.1
157.0,62,2.0,3,43.6,2,36.3
158.0,62,2.0,4,44.7,4,38.1
159.0,62,,4,31.8,3,41.1
160.0,62,,3,38.3,2,44.9
161.0,62,,1,50.2,3,43.9
162.0,62,2.0,2,44.8,4,40.1
163.0,62,1.0,2,38.4,5,45.1
164.0,62,1.0,4,38.8,3,41.0
165.0,62,3.0,2,50.0,0,62.2
166.0,62,2.0,1,46.5,2,58.9
167.0,62,1.0,5,30.2,5,44.2
168.0,62,3.0,2,26.8,4,52.3
169.0,62,1.0,1,43.6,2,53.8
170.0,62,2.0,2,37.6,2,39.5
171.0,62,4.0,3,36.0,4,37.6
172.0,62,,2,42.6,1,57.6
173.0,62,2.0,3,30.1,5,36.1
174.0,62,1.0,2,34.9,3,53.3
175.0,62,1.0,3,38.5,2,45.2
176.0,62,1.0,2,39.6,3,47.3
177.0,62,1.0,1,51.4,2,45.2
178.0,62,2.0,2,49.9,2,42.5
179.0,62,,2,50.5,2,48.8
180.0,62,,2,38.0,3,48.3
181.0,62,,5,21.3,2,56.4
182.0,62,,3,37.2,1,43.6
183.0,62,,2,48.2,0,55.6
184.0,62,1.0,3,44.7,1,40.9
185.0,62,,3,44.6,3,39.4
186.0,62,,2,41.0,1,54.0
187.0,62,,4,34.8,3,49.7
188.0,62,1.0,3,27.8,3,46.2
189.0,62,,3,34.8,1,61.3
190.0,62,3.0,2,44.3,1,47.4
191.0,62,3.0,1,36.3,2,42.7
192.0,62,3.0,2,36.9,2,51.7
193.0,62,2.0,3,37.3,1,52.9
194.0,62,3.0,2,46.5,1,50.2
195.0,62,1.0,3,42.6,3,4.2
196.0,62,,4,28.0,2,8.0
197.0,62,,2,37.6,3,43.2
198.0,62,1.0,4,28.5,2,51.8
199.0,62,2.0,4,32.5,3,36.6
200.0,62,2.0,1,34.4,0,44.2
201.0,62,2.0,3,35.4,3,5.2
202.0,62,1.0,1,40.2,2,56.8
203.0,62,2.0,2,41.8,3,48.5
204.0,62,1.0,4,33.0,3,35.7
205.0,62,1.0,2,52.1,1,46.4
206.0,62,1.0,2,37.5,6,31.6
207.0,62,,0,51.5,0,67.4
208.0,62,3.0,2,48.9,3,48.6
209.0,62,4.0,3,34.8,3,52.4
210.0,62,1.0,2,45.1,2,35.5
211.0,62,3.0,1,50.3,2,45.3
212.0,62,,2,47.3,3,35.0
213.0,62,,2,56.2,3,32.8
214.0,62,1.0,1,50.1,1,42.7
215.0,62,,1,46.9,1,46.0
216.0,62,,1,54.3,2,51.4
217.0,62,2.0,3,46.2,4,37.5
218.0,62,,0,44.6,1,44.8
219.0,62,,1,46.1,2,32.5
220.0,62,1.0,4,31.0,5,4.2
221.0,62,2.0,3,35.4,2,61.1
222.0,62,2.0,2,53.8,1,53.1
223.0,62,3.0,5,28.3,3,41.7
224.0,62,3.0,1,44.3,2,51.6
225.0,62,1.0,2,52.4,1,49.0
226.0,62,3.0,3,45.7,2,61.0
227.0,62,,2,46.1,3,58.8
228.0,62,,2,48.9,4,52.5
229.0,62,4.0,1,53.0,4,49.1
230.0,62,,1,59.2,1,64.1
231.0,62,1.0,2,45.9,2,52.9
232.0,62,3.0,2,46.3,2,47.0
233.0,62,1.0,3,50.0,3,41.0
234.0,62,,1,61.4,0,59.0
235.0,62,4.0,2,37.7,2,48.8
236.0,62,3.0,1,50.8,2,51.1
237.0,62,4.0,4,30.8,2,45.4
238.0,62,2.0,2,51.4,3,56.6
239.0,62,0.0,1,57.6,2,33.9
240.0,62,2.0,3,33.1,3,47.7
241.0,62,3.0,3,24.6,3,49.3
242.0,62,1.0,2,26.3,3,41.0
243.0,62,2.0,2,37.2,2,40.1
244.0,62,3.0,2,31.2,3,17.5
245.0,62,3.0,2,50.2,1,55.1
246.0,62,3.0,3,29.9,4,18.0
247.0,62,2.0,1,46.6,2,44.8
248.0,62,3.0,3,20.7,3,27.7
249.0,62,3.0,3,29.3,4,36.7
250.0,62,1.0,1,37.7,3,38.6
251.0,62,2.0,1,49.9,1,49.5
252.0,62,,1,42.2,2,58.6
253.0,62,1.0,2,35.5,1,52.0
254.0,62,1.0,3,42.2,2,44.6
255.0,62,1.0,2,42.0,2,38.7
256.0,62,2.0,2,46.9,2,50.4
257.0,62,,3,41.9,3,24.5
258.0,62,2.0,3,32.3,3,42.2
259.0,62,2.0,3,35.3,2,36.3
260.0,62,2.0,2,37.1,2,49.5
261.0,62,,2,34.7,3,51.8
262.0,62,2.0,2,49.7,2,43.9
263.0,62,,0,51.0,2,50.7
264.0,62,,1,45.8,2,35.6
265.0,62,,2,45.8,2,36.8
266.0,62,,1,40.0,3,42.2
267.0,62,,2,45.2,1,62.5
268.0,62,,3,38.1,2,48.6
269.0,62,,2,40.5,3,51.0
270.0,62,,1,40.4,3,26.3
271.0,62,,0,55.9,2,36.4
272.0,62,3.0,1,35.1,3,27.0
273.0,62,,2,44.2,3,31.8
274.0,62,,1,5.0,3,53.8
275.0,62,,2,36.8,6,23.7
276.0,62,,3,44.1,5,49.9
277.0,62,2.0,2,42.0,2,43.9
278.0,62,1.0,3,26.5,3,37.4
279.0,62,,3,33.6,4,34.0
280.0,62,,4,22.1,4,26.6
281.0,62,,2,37.6,3,38.5
282.0,62,,2,43.5,1,44.6
283.0,62,,1,52.0,2,41.1
284.0,62,2.0,2,37.5,2,40.0
285.0,62,,1,49.5,1,43.2
286.0,62,,4,42.8,2,37.1
287.0,62,,1,44.6,1,40.7
288.0,62,,2,42.7,2,39.3
289.0,62,1.0,1,40.9,0,44.5
290.0,62,,1,43.7,1,35.3
291.0,62,1.0,3,35.1,2,22.6
292.0,62,2.0,3,38.6,1,26.8
293.0,62,1.0,2,35.9,2,34.0
294.0,62,3.0,2,46.8,1,47.6
295.0,62,2.0,1,39.4,2,39.8
296.0,62,1.0,2,33.4,3,32.8
297.0,62,1.0,2,46.6,2,34.3
298.0,62,,4,44.1,2,31.8
299.0,62,,5,33.2,4,23.5
300.0,62,,2,31.3,3,36.2
301.0,62,1.0,3,32.1,2,29.7
302.0,62,1.0,4,46.6,2,29.1
303.0,62,,3,47.1,1,39.4
304.0,62,1.0,4,42.4,3,24.2
305.0,62,1.0,1,54.3,1,39.9
306.0,62,2.0,1,41.9,2,33.3
307.0,62,1.0,3,37.6,2,24.3
308.0,62,2.0,3,46.8,2,35.2
309.0,62,2.0,2,45.3,2,30.3
310.0,62,,2,50.6,2,27.2
311.0,62,,1,58.4,1,28.0
312.0,62,,2,48.1,2,38.9
313.0,62,,3,49.5,2,25.9
314.0,62,,3,48.8,2,32.2
315.0,62,,3,36.3,2,29.3
316.0,62,1.0,4,44.3,2,33.7
317.0,62,2.0,4,40.6,3,28.2
318.0,62,,1,47.7,2,42.6
319.0,62,,3,47.2,2,41.1
320.0,62,,2,42.6,2,45.9
321.0,62,1.0,2,30.1,2,33.2
322.0,62,1.0,2,53.5,2,29.7
1.0,63,,2,37.0,3,35.4
2.0,63,1.0,5,44.0,4,25.2
3.0,63,,1,44.5,2,27.1
4.0,63,,1,57.9,0,37.4
5.0,63,2.0,2,57.2,2,26.8
6.0,63,,5,38.5,2,18.6
7.0,63,2.0,4,43.2,2,17.6
8.0,63,3.0,5,25.9,2,24.3
9.0,63,4.0,3,34.4,2,23.5
10.0,63,4.0,3,27.9,4,29.7
11.0,63,4.0,1,39.8,3,24.9
12.0,63,,1,44.2,1,22.0
13.0,63,,1,53.5,2,41.8
14.0,63,1.0,3,38.7,1,26.1
15.0,63,,3,43.3,2,41.0
16.0,63,,3,35.0,1,31.9
17.0,63,,2,43.8,2,33.9
18.0,63,1.0,3,38.0,2,21.6
19.0,63,1.0,2,35.9,2,25.9
20.0,63,,1,39.7,3,33.4
21.0,63,4.0,4,19.3,3,21.9
22.0,63,,2,40.1,1,34.6
23.0,63,,2,40.2,3,33.6
24.0,63,1.0,0,57.1,2,37.9
25.0,63,,1,50.1,2,25.2
26.0,63,,0,57.0,1,28.7
27.0,63,,1,52.9,1,13.8
28.0,63,,0,51.7,1,34.0
29.0,63,,2,32.0,2,26.5
30.0,63,,3,30.1,2,32.7
31.0,63,1.0,3,39.8,4,20.7
32.0,63,,2,32.8,3,27.8
33.0,63,,1,37.2,2,36.9
34.0,63,2.0,1,38.5,3,28.3
35.0,63,,2,42.7,3,33.7
36.0,63,,1,49.6,2,29.6
37.0,63,3.0,2,35.6,2,23.9
38.0,63,,2,44.6,2,28.8
39.0,63,4.0,3,39.8,2,28.2
40.0,63,4.0,3,40.2,2,25.0
41.0,63,,2,39.5,1,33.5
42.0,63,4.0,4,37.3,3,21.1
43.0,63,3.0,2,38.4,2,31.4
44.0,63,,4,29.7,3,22.5
45.0,63,,2,39.4,2,22.1
46.0,63,2.0,2,34.8,4,34.4
47.0,63,,1,41.0,2,26.6
48.0,63,,2,30.9,2,30.9
49.0,63,,2,34.0,3,32.8
50.0,63,1.0,1,42.6,4,35.2
51.0,63,1.0,3,31.1,2,45.5
52.0,63,1.0,4,31.1,2,44.1
53.0,63,,2,42.4,2,36.2
54.0,63,,3,41.0,3,33.0
55.0,63,3.0,3,39.5,2,38.1
56.0,63,,4,35.6,1,46.9
57.0,63,1.0,3,36.2,2,48.0
58.0,63,3.0,3,31.6,2,38.0
59.0,63,2.0,2,35.7,1,47.3
60.0,63,2.0,3,33.6,4,24.3
61.0,63,4.0,5,28.8,2,18.0
62.0,63,3.0,5,30.1,2,29.7
63.0,63,4.0,2,36.4,2,24.7
64.0,63,3.0,2,40.8,3,28.1
65.0,63,,1,34.3,2,35.2
66.0,63,4.0,5,33.8,1,37.5
67.0,63,5.0,5,32.2,4,30.7
68.0,63,2.0,5,29.1,2,39.8
69.0,63,3.0,4,35.5,2,38.4
70.0,63,2.0,4,28.1,1,31.0
71.0,63,4.0,5,20.2,2,30.1
72.0,63,,3,37.7,2,43.8
73.0,63,1.0,1,37.1,1,30.9
74.0,63,4.0,3,43.8,3,39.2
75.0,63,4.0,1,49.2,2,39.6
76.0,63,2.0,2,45.7,1,40.5
77.0,63,3.0,2,43.2,2,50.3
78.0,63,4.0,2,38.1,2,47.7
79.0,63,,2,36.9,1,59.7
80.0,63,1.0,5,32.8,2,37.8
81.0,63,4.0,1,41.1,1,38.7
82.0,63,3.0,2,35.8,1,42.7
83.0,63,3.0,3,28.3,2,38.9
84.0,63,3.0,3,46.6,2,40.9
85.0,63,2.0,2,55.2,2,47.9
86.0,63,4.0,1,53.6,2,34.6
87.0,63,0.0,5,24.5,4,22.6
88.0,63,0.0,5,34.9,3,40.1
89.0,63,3.0,4,35.2,2,34.9
90.0,63,3.0,2,31.9,3,41.5
91.0,63,,3,35.9,3,35.9
92.0,63,,2,29.8,2,40.9
93.0,63,,3,35.1,2,45.0
94.0,63,,3,36.3,2,36.0
95.0,63,2.0,3,39.5,2,31.9
96.0,63,,3,46.7,1,42.2
97.0,63,,4,40.4,4,37.2
98.0,63,,2,46.7,2,46.2
99.0,63,3.0,2,44.4,4,36.9
100.0,63,,2,47.7,3,41.3
101.0,63,2.0,2,48.1,3,36.2
102.0,63,1.0,1,52.9,2,37.7
103.0,63,2.0,1,42.7,2,42.8
104.0,63,4.0,5,38.2,3,48.7
105.0,63,,2,42.8,2,43.1
106.0,63,,1,46.8,4,21.4
107.0,63,3.0,3,38.2,1,30.7
108.0,63,4.0,5,33.7,4,27.3
109.0,63,,4,31.2,3,24.0
110.0,63,,3,36.4,4,30.0
111.0,63,,3,38.0,2,29.4
112.0,63,3.0,2,34.1,3,36.9
113.0,63,2.0,4,32.0,4,28.6
114.0,63,4.0,2,42.3,4,33.0
115.0,63,5.0,5,35.2,6,26.5
116.0,63,,1,45.0,3,31.9
117.0,63,4.0,4,36.5,2,25.7
118.0,63,2.0,2,36.1,2,27.5
119.0,63,2.0,3,36.6,2,39.7
120.0,63,3.0,3,26.9,3,39.1
121.0,63,1.0,4,32.1,2,39.1
122.0,63,3.0,1,44.2,2,41.0
123.0,63,3.0,3,42.1,5,28.2
124.0,63,,1,46.8,2,40.4
125.0,63,,3,41.8,3,31.2
126.0,63,4.0,1,38.4,2,36.9
127.0,63,3.0,1,44.4,2,42.0
128.0,63,1.0,2,32.7,1,45.7
129.0,63,1.0,3,35.8,2,29.6
130.0,63,,2,41.1,3,30.5
131.0,63,3.0,1,51.3,1,34.4
132.0,63,,2,40.7,2,39.6
133.0,63,,3,38.7,3,37.8
134.0,63,3.0,1,50.0,3,33.2
135.0,63,2.0,1,47.6,3,37.5
136.0,63,,1,44.2,1,38.2
137.0,63,,1,43.7,3,31.9
138.0,63,6.0,4,28.7,4,21.9
139.0,63,4.0,3,34.8,3,33.3
140.0,63,,1,34.7,1,46.8
141.0,63,5.0,2,25.9,2,31.2
142.0,63,1.0,4,29.4,1,36.3
143.0,63,,1,40.6,0,43.8
1.0,64,3.0,3,22.2,3,26.9
2.0,64,,4,27.8,6,24.4
3.0,64,3.0,3,37.4,3,40.2
4.0,64,3.0,0,58.4,4,25.7
5.0,64,1.0,2,46.5,2,40.8
6.0,64,3.0,2,44.3,4,34.4
7.0,64,3.0,2,48.1,4,22.4
8.0,64,3.0,1,55.8,4,31.2
9.0,64,1.0,3,30.7,2,28.9
10.0,64,2.0,2,34.8,2,32.9
11.0,64,,2,33.9,1,36.9
12.0,64,,2,37.2,2,47.9
13.0,64,3.0,2,32.4,2,47.0
14.0,64,2.0,1,52.9,2,48.7
15.0,64,2.0,2,44.3,5,30.7
16.0,64,2.0,2,42.4,4,34.3
17.0,64,1.0,1,50.8,1,49.3
18.0,64,,2,39.8,2,41.1
19.0,64,2.0,1,35.8,3,40.3
20.0,64,3.0,1,51.5,3,41.7
21.0,64,3.0,2,41.8,3,39.3
22.0,64,3.0,1,42.3,1,45.0
23.0,64,4.0,2,39.5,2,33.8
24.0,64,3.0,1,50.0,0,48.7
25.0,64,3.0,1,49.8,1,42.1
26.0,64,2.0,2,37.9,1,47.3
27.0,64,2.0,2,38.4,3,4.2
28.0,64,1.0,2,44.6,3,49.5
29.0,64,3.0,2,38.2,2,45.2
30.0,64,,2,36.3,4,34.4
31.0,64,1.0,1,41.9,3,36.1
32.0,64,1.0,1,51.6,4,34.4
33.0,64,4.0,1,51.8,2,36.4
34.0,64,4.0,1,48.4,2,34.3
35.0,64,3.0,1,57.2,2,50.6
36.0,64,3.0,2,49.9,2,49.3
37.0,64,4.0,1,48.9,2,38.3
38.0,64,5.0,2,36.0,4,36.7
39.0,64,1.0,4,42.6,4,32.9
40.0,64,1.0,2,39.4,6,29.6
41.0,64,2.0,2,39.6,5,27.5
42.0,64,2.0,3,40.2,4,44.0
43.0,64,2.0,1,44.5,2,47.8
44.0,64,1.0,2,44.4,2,60.4
45.0,64,3.0,2,41.3,2,43.7
46.0,64,4.0,4,45.8,5,31.5
47.0,64,3.0,1,46.4,2,46.3
48.0,64,5.0,2,43.4,3,41.5
49.0,64,4.0,2,48.0,4,29.5
50.0,64,1.0,1,39.0,1,48.2
51.0,64,3.0,2,51.1,2,53.1
52.0,64,,3,41.4,3,46.4
53.0,64,4.0,2,35.5,2,57.1
54.0,64,4.0,3,33.8,3,64.2
55.0,64,6.0,3,36.3,2,51.5
56.0,64,4.0,3,34.5,2,51.0
57.0,64,4.0,2,44.4,2,38.4
58.0,64,5.0,3,42.3,3,53.9
59.0,64,1.0,2,33.4,3,41.3
60.0,64,1.0,0,45.8,1,37.0
61.0,64,5.0,2,34.6,5,37.5
62.0,64,5.0,2,41.6,4,56.0
63.0,64,5.0,2,42.5,4,37.5
64.0,64,5.0,2,32.7,2,39.4
65.0,64,5.0,5,28.2,4,30.6
66.0,64,6.0,3,33.4,5,30.8
67.0,64,5.0,3,29.7,3,52.6
68.0,64,5.0,3,32.5,5,48.6
69.0,64,4.0,4,39.1,3,61.7
70.0,64,4.0,2,33.9,6,43.5
71.0,64,4.0,2,35.4,1,31.2
72.0,64,1.0,3,37.9,4,40.4
73.0,64,2.0,2,35.0,4,37.5
74.0,64,6.0,3,39.9,6,37.9
75.0,64,3.0,3,33.7,5,25.9
76.0,64,4.0,2,37.4,4,48.6
77.0,64,1.0,1,52.5,3,54.8
78.0,64,4.0,2,46.6,2,52.0
79.0,64,1.0,2,45.2,2,64.2
80.0,64,5.0,2,39.5,3,44.6
81.0,64,1.0,1,64.6,3,35.7
82.0,64,3.0,0,35.3,1,50.2
83.0,64,1.0,1,42.1,2,50.1
84.0,64,,1,41.7,0,67.6
85.0,64,3.0,3,48.7,3,62.6
86.0,64,4.0,1,41.8,1,62.6
87.0,64,,1,41.6,3,51.1
88.0,64,5.0,2,40.7,3,53.3
89.0,64,,2,33.0,3,32.5
90.0,64,,2,32.7,2,39.2
91.0,64,,2,30.3,4,-0.4
92.0,64,,3,35.8,3,45.5
93.0,64,4.0,2,31.8,3,39.9
94.0,64,4.0,3,35.3,3,51.7
95.0,64,3.0,1,42.1,3,39.2
96.0,64,,1,36.6,2,35.0
97.0,64,3.0,1,53.1,3,58.0
98.0,64,3.0,3,32.4,4,48.4
99.0,64,6.0,3,27.3,5,33.6
100.0,64,5.0,3,22.4,5,37.4
101.0,64,4.0,3,36.4,2,49.3
102.0,64,1.0,1,43.2,2,58.6
103.0,64,5.0,1,33.4,3,50.1
104.0,64,3.0,0,55.9,3,56.4
105.0,64,3.0,1,51.8,1,66.7
106.0,64,4.0,0,52.0,3,36.3
107.0,64,3.0,2,42.0,3,62.4
108.0,64,3.0,2,42.0,2,58.4
109.0,64,1.0,2,34.5,2,40.6
110.0,64,2.0,1,53.2,4,37.0
111.0,64,4.0,2,36.7,4,35.4
112.0,64,4.0,2,38.1,4,39.5
113.0,64,,1,59.2,2,44.2
114.0,64,3.0,2,37.8,1,52.0
115.0,64,3.0,2,40.1,3,48.6
116.0,64,2.0,2,44.5,4,53.1
117.0,64,2.0,2,37.7,5,26.5
118.0,64,2.0,1,31.4,1,44.2
119.0,64,3.0,4,32.6,4,27.9
120.0,64,2.0,2,28.2,1,42.6
121.0,64,3.0,2,44.7,3,50.1
122.0,64,4.0,4,34.3,3,46.4
123.0,64,3.0,4,40.5,2,39.7
124.0,64,2.0,1,58.9,2,67.6
125.0,64,3.0,3,36.5,1,68.9
126.0,64,2.0,2,36.2,3,38.6
127.0,64,3.0,4,50.6,6,45.7
128.0,64,3.0,2,50.8,2,63.8
129.0,64,2.0,1,51.9,3,61.8
130.0,64,1.0,1,41.6,2,62.2
131.0,64,2.0,1,42.2,4,49.3
132.0,64,2.0,3,49.2,3,61.7
133.0,64,3.0,3,38.5,6,43.0
134.0,64,3.0,2,37.8,4,51.7
135.0,64,3.0,3,36.5,4,41.7
136.0,64,4.0,2,42.0,4,51.1
137.0,64,3.0,1,59.8,2,47.0
138.0,64,2.0,0,52.7,3,43.2
139.0,64,4.0,1,57.4,3,39.4
140.0,64,3.0,1,53.9,3,43.7
141.0,64,2.0,0,51.9,1,41.0
142.0,64,3.0,1,56.2,3,49.7
143.0,64,4.0,1,52.2,3,48.6
144.0,64,4.0,1,56.9,4,46.2
145.0,64,1.0,3,38.2,2,47.7
146.0,64,4.0,1,54.5,4,45.0
147.0,64,3.0,1,53.9,3,48.1
148.0,64,3.0,0,59.8,4,48.4
149.0,64,3.0,2,47.9,3,54.4
1.0,65,,2,37.2,1,55.5
2.0,65,1.0,3,38.8,2,56.6
3.0,65,,2,40.8,0,66.0
4.0,65,,1,33.3,2,49.1
5.0,65,2.0,2,47.8,3,59.5
6.0,65,,1,50.3,2,58.2
7.0,65,,2,28.4,3,58.8
8.0,65,4.0,3,37.5,3,37.9
9.0,65,,1,34.5,2,47.2
10.0,65,1.0,2,37.9,2,37.7
11.0,65,4.0,3,40.8,3,43.2
12.0,65,4.0,3,48.2,4,26.5
13.0,65,3.0,3,36.4,3,35.2
14.0,65,4.0,4,31.4,3,24.8
15.0,65,3.0,4,37.6,4,42.3
16.0,65,3.0,1,35.0,4,29.0
17.0,65,,2,49.0,5,43.2
18.0,65,4.0,4,38.3,5,34.1
19.0,65,,1,49.8,2,59.3
20.0,65,,1,43.5,4,31.7
21.0,65,1.0,0,56.5,1,44.1
22.0,65,1.0,1,57.9,1,50.2
23.0,65,2.0,2,42.8,2,48.8
24.0,65,2.0,2,30.4,4,56.8
25.0,65,3.0,2,54.9,1,57.1
26.0,65,4.0,5,28.4,4,63.7
27.0,65,3.0,3,38.9,3,39.4
28.0,65,2.0,1,44.0,3,49.7
29.0,65,,2,36.8,3,47.0
30.0,65,3.0,2,23.3,6,41.2
31.0,65,1.0,2,31.9,3,40.6
32.0,65,,2,32.2,3,46.6
33.0,65,3.0,3,18.0,5,29.7
34.0,65,,3,41.5,5,33.0
35.0,65,3.0,2,37.5,2,42.4
36.0,65,,1,38.6,1,41.0
37.0,65,1.0,3,27.1,2,52.0
38.0,65,2.0,3,36.0,3,47.0
39.0,65,3.0,2,31.1,2,65.1
40.0,65,2.0,4,32.5,3,31.9
41.0,65,5.0,4,35.8,5,21.8
42.0,65,1.0,3,44.2,3,29.2
43.0,65,4.0,2,47.7,2,38.3
44.0,65,,1,49.4,4,28.8
45.0,65,,2,49.0,1,48.6
46.0,65,1.0,1,54.6,2,48.1
47.0,65,2.0,1,40.8,4,38.3
48.0,65,3.0,1,47.1,3,42.3
49.0,65,3.0,1,41.8,3,36.6
50.0,65,3.0,2,38.6,6,31.4
51.0,65,3.0,3,32.9,4,29.4
52.0,65,3.0,3,38.6,4,27.4
53.0,65,4.0,2,44.8,3,23.6
54.0,65,4.0,3,48.2,3,30.1
55.0,65,3.0,3,45.1,3,37.9
56.0,65,4.0,3,44.6,3,22.1
57.0,65,4.0,2,44.5,3,40.3
58.0,65,3.0,4,37.4,3,25.4
59.0,65,2.0,4,38.0,4,23.2
60.0,65,1.0,2,21.9,2,39.9
61.0,65,1.0,2,39.9,2,32.1
62.0,65,2.0,2,43.6,3,29.0
63.0,65,4.0,3,26.9,1,26.7
64.0,65,,4,45.0,3,28.8
65.0,65,2.0,5,34.1,2,30.8
66.0,65,,2,41.1,5,27.9
67.0,65,2.0,2,30.8,3,22.3
68.0,65,5.0,3,38.7,4,10.0
69.0,65,5.0,2,29.2,4,23.2
70.0,65,3.0,1,31.7,4,23.2
71.0,65,1.0,2,51.9,4,25.9
72.0,65,4.0,2,24.1,4,17.4
73.0,65,4.0,1,38.0,1,15.2
74.0,65,3.0,2,28.1,4,24.8
75.0,65,2.0,3,36.8,3,31.2
76.0,65,3.0,4,35.2,2,28.5
77.0,65,1.0,2,28.1,3,42.3
78.0,65,,2,42.4,2,42.3
79.0,65,,2,29.5,6,23.9
80.0,65,,1,48.8,2,41.0
81.0,65,3.0,2,40.1,3,31.7
82.0,65,4.0,2,,2,40.3
83.0,65,2.0,2,42.7,2,20.1
84.0,65,2.0,2,47.2,3,31.7
85.0,65,2.0,2,53.9,3,36.6
86.0,65,3.0,3,38.2,3,33.9
87.0,65,1.0,2,49.2,1,53.5
88.0,65,1.0,2,39.6,2,46.8
89.0,65,3.0,1,44.5,0,25.9
90.0,65,,1,42.5,0,38.4
91.0,65,3.0,3,36.9,2,32.1
92.0,65,,3,42.1,4,21.8
93.0,65,2.0,3,37.5,2,40.4
94.0,65,1.0,2,55.5,4,29.9
95.0,65,2.0,4,49.0,3,39.4
96.0,65,3.0,4,59.0,2,35.4
97.0,65,,2,41.3,2,36.4
98.0,65,4.0,4,43.4,2,36.3
99.0,65,4.0,2,42.7,2,40.3
100.0,65,4.0,3,33.4,3,36.3
101.0,65,,5,49.1,2,31.9
102.0,65,1.0,4,35.0,4,32.8
103.0,65,1.0,4,40.3,4,19.6
104.0,65,1.0,1,52.2,3,37.9
105.0,65,1.0,2,62.7,1,34.8
106.0,65,,4,48.1,4,22.8
107.0,65,1.0,2,41.2,3,25.8
108.0,65,,1,52.0,3,30.1
109.0,65,,2,68.4,2,31.0
110.0,65,1.0,3,50.1,3,28.8
111.0,65,,5,53.9,2,37.9
112.0,65,1.0,2,21.8,2,19.2
1.0,66,1.0,3,26.8,3,9.6
2.0,66,2.0,5,24.1,3,22.1
3.0,66,,3,45.3,3,20.7
4.0,66,,1,43.0,2,33.9
5.0,66,,4,46.6,1,33.7
6.0,66,3.0,3,38.3,3,27.4
7.0,66,1.0,2,47.2,0,47.7
8.0,66,,3,48.2,3,38.3
9.0,66,1.0,2,53.1,1,39.4
10.0,66,1.0,4,49.0,3,41.5
11.0,66,5.0,6,40.6,3,28.5
12.0,66,4.0,3,50.8,1,31.7
13.0,66,1.0,1,52.2,0,44.6
14.0,66,2.0,1,44.1,3,37.2
15.0,66,3.0,2,25.2,2,32.5
16.0,66,2.0,2,40.8,3,38.8
17.0,66,,2,44.1,4,37.2
18.0,66,4.0,2,48.1,2,23.6
19.0,66,1.0,3,39.9,2,37.9
20.0,66,2.0,3,38.3,3,29.0
21.0,66,2.0,3,44.6,3,26.5
22.0,66,4.0,3,28.7,2,22.8
23.0,66,3.0,3,35.2,2,26.7
24.0,66,2.0,3,37.0,2,42.3
25.0,66,3.0,2,55.3,1,47.7
26.0,66,1.0,4,43.0,2,40.3
27.0,66,4.0,4,32.8,1,36.4
28.0,66,4.0,4,35.5,3,39.2
29.0,66,4.0,5,37.9,4,35.9
30.0,66,4.0,5,36.3,2,39.9
31.0,66,,3,33.4,2,44.2
32.0,66,2.0,2,43.3,2,31.6
33.0,66,1.0,5,31.0,2,52.4
34.0,66,2.0,3,40.6,1,57.9
35.0,66,1.0,2,52.0,2,60.2
36.0,66,2.0,3,41.3,3,43.0
37.0,66,1.0,3,50.4,3,59.1
38.0,66,4.0,2,44.1,4,48.8
39.0,66,2.0,4,43.0,3,44.1
40.0,66,1.0,2,31.0,2,35.4
41.0,66,3.0,3,35.7,3,35.4
42.0,66,1.0,3,43.3,3,37.0
43.0,66,3.0,1,31.0,3,35.5
44.0,66,3.0,2,31.6,2,45.7
45.0,66,,0,59.1,1,37.4
46.0,66,1.0,4,38.6,3,36.6
47.0,66,,2,43.0,1,52.2
48.0,66,2.0,2,41.7,0,62.6
49.0,66,,4,46.1,2,50.1
50.0,66,1.0,4,45.0,3,51.7
51.0,66,1.0,3,54.4,1,69.6
52.0,66,2.0,2,56.8,4,49.7
53.0,66,2.0,4,55.9,4,36.8
54.0,66,2.0,4,41.2,3,36.3
55.0,66,1.0,1,55.3,0,58.0
56.0,66,1.0,2,58.2,2,66.7
57.0,66,2.0,2,53.3,1,57.3
58.0,66,1.0,1,49.3,1,57.9
59.0,66,,3,50.1,1,50.6
60.0,66,,5,45.3,4,29.0
61.0,66,1.0,3,47.0,2,33.6
62.0,66,3.0,3,45.5,1,50.1
63.0,66,,1,46.8,1,37.4
64.0,66,1.0,6,33.6,2,48.1
65.0,66,2.0,4,37.9,2,38.3
66.0,66,,2,50.4,0,50.6
67.0,66,1.0,3,50.4,3,51.1
68.0,66,,3,53.3,0,66.4
69.0,66,,2,48.1,0,54.2
70.0,66,,6,35.0,3,38.4
71.0,66,1.0,4,35.9,3,31.7
72.0,66,,3,53.5,2,35.9
73.0,66,2.0,4,54.0,2,42.6
74.0,66,1.0,4,49.7,3,46.1
75.0,66,1.0,4,51.7,2,48.1
76.0,66,,3,47.0,4,44.4
77.0,66,2.0,1,71.5,1,45.3
78.0,66,1.0,1,50.8,3,44.2
79.0,66,,3,44.1,3,26.7
80.0,66,,1,64.0,2,38.4
81.0,66,3.0,3,41.3,3,42.6
82.0,66,,3,48.8,1,45.3
83.0,66,,2,43.5,1,46.4
84.0,66,,1,46.8,0,59.5
85.0,66,1.0,2,49.1,1,55.5
86.0,66,4.0,4,35.0,3,54.4
87.0,66,,1,55.9,1,64.4
88.0,66,,2,56.2,3,60.0
89.0,66,1.0,1,58.4,3,53.3
90.0,66,1.0,3,51.5,3,37.4
91.0,66,3.0,4,48.2,3,33.0
92.0,66,5.0,3,36.6,3,39.2
93.0,66,1.0,4,34.1,2,37.7
94.0,66,1.0,3,47.2,1,43.5
95.0,66,,2,51.3,2,51.1
96.0,66,2.0,4,39.7,1,54.4
97.0,66,3.0,2,46.2,2,48.6
98.0,66,3.0,2,53.9,3,50.4
99.0,66,4.0,3,43.5,3,47.0
100.0,66,3.0,2,53.5,3,38.8
101.0,66,,2,52.2,1,61.7
102.0,66,4.0,4,50.4,3,51.7
103.0,66,3.0,4,54.8,3,59.8
104.0,66,2.0,3,43.5,2,52.4
105.0,66,3.0,4,51.3,1,51.5
106.0,66,3.0,4,49.1,3,50.4
107.0,66,4.0,5,46.4,3,35.5
108.0,66,3.0,4,54.0,3,55.1
109.0,66,4.0,2,45.5,4,44.1
110.0,66,5.0,3,45.7,2,58.2
111.0,66,4.0,4,38.3,3,35.7
112.0,66,3.0,2,36.8,3,44.2
113.0,66,4.0,3,39.2,4,34.1
114.0,66,,2,55.1,3,44.2
115.0,66,2.0,3,39.9,3,53.5
116.0,66,,2,37.4,2,41.7
117.0,66,,2,38.6,3,33.4
118.0,66,1.0,2,56.6,3,53.9
119.0,66,3.0,3,25.0,2,48.4
120.0,66,,2,36.8,4,29.0
121.0,66,1.0,1,56.9,3,52.2
122.0,66,2.0,4,45.3,2,70.2
123.0,66,,1,54.4,4,36.3
124.0,66,,2,56.6,3,60.6
125.0,66,,0,57.1,2,48.8
126.0,66,1.0,2,50.6,3,58.8
127.0,66,1.0,3,47.7,2,46.2
128.0,66,,2,57.1,3,38.6
129.0,66,6.0,3,44.6,4,54.6
130.0,66,4.0,3,43.0,5,50.2
131.0,66,3.0,3,37.2,3,39.0
132.0,66,1.0,5,49.1,3,55.3
133.0,66,,2,39.9,2,61.3
134.0,66,,2,56.4,2,57.5
135.0,66,,2,48.4,3,57.1
136.0,66,2.0,2,41.5,3,47.3
137.0,66,,2,49.5,1,58.0
138.0,66,,1,58.9,4,60.0
139.0,66,2.0,3,39.7,4,62.6
140.0,66,1.0,2,50.1,5,46.2
141.0,66,,3,44.4,4,36.6
142.0,66,,1,48.8,2,60.8
143.0,66,,1,59.5,3,51.5
144.0,66,1.0,2,42.3,3,49.5
145.0,66,3.0,3,37.2,3,51.5
146.0,66,,2,46.2,1,55.3
147.0,66,,3,43.0,5,47.7
148.0,66,1.0,1,47.5,4,44.6
149.0,66,3.0,3,44.4,3,55.1
150.0,66,1.0,3,49.0,3,55.1
151.0,66,2.0,1,56.0,4,45.2
152.0,66,,1,62.2,3,52.4
153.0,66,,2,56.0,2,58.6
154.0,66,1.0,2,51.1,1,52.4
155.0,66,1.0,2,46.1,1,49.5
156.0,66,1.0,2,47.2,4,32.8
157.0,66,,3,35.2,3,33.7
158.0,66,,3,47.5,3,33.9
159.0,66,1.0,2,46.4,2,50.8
160.0,66,2.0,2,50.6,2,43.5
161.0,66,1.0,2,49.7,1,54.2
162.0,66,1.0,1,56.0,2,50.2
163.0,66,2.0,1,54.6,2,51.1
164.0,66,2.0,1,46.8,3,45.7
165.0,66,1.0,2,45.0,2,53.5
166.0,66,1.0,2,33.0,1,53.9
167.0,66,2.0,2,50.2,3,45.0
168.0,66,2.0,2,40.3,3,31.7
169.0,66,2.0,1,53.5,2,51.5
170.0,66,1.0,4,36.6,3,24.7
171.0,66,2.0,2,56.8,2,41.7
172.0,66,,5,44.6,3,29.4
173.0,66,,1,43.2,1,43.0
174.0,66,,4,49.1,5,38.4
175.0,66,,2,42.4,3,47.0
176.0,66,1.0,1,36.6,4,42.4
177.0,66,1.0,1,60.6,1,45.7
178.0,66,1.0,2,45.0,3,51.7
179.0,66,2.0,5,35.7,4,43.7
180.0,66,1.0,2,50.2,2,60.2
181.0,66,,3,40.8,1,49.7
182.0,66,,2,36.4,6,34.6
183.0,66,2.0,1,62.4,1,51.0
184.0,66,,2,57.3,3,41.9
185.0,66,3.0,2,56.8,1,49.5
186.0,66,,2,52.0,2,55.1
187.0,66,,3,44.8,2,29.7
188.0,66,,2,52.4,4,43.0
189.0,66,,1,49.5,3,49.5
190.0,66,1.0,2,54.8,3,32.6
191.0,66,,1,56.6,3,39.0
192.0,66,,2,53.3,4,41.0
193.0,66,,1,58.6,0,56.0
194.0,66,3.0,3,50.1,3,49.0
195.0,66,1.0,2,44.1,2,53.3
196.0,66,1.0,2,49.7,2,54.9
197.0,66,1.0,2,46.1,2,47.7
198.0,66,,2,59.5,3,53.9
199.0,66,,3,39.0,2,36.3
200.0,66,,3,38.8,3,37.0
201.0,66,,4,33.4,4,31.2
202.0,66,,,35.0,2,52.2
203.0,66,2.0,4,44.8,2,43.0
204.0,66,2.0,1,54.4,3,47.3
205.0,66,,0,61.3,1,48.1
206.0,66,1.0,2,44.4,2,51.1
207.0,66,3.0,4,46.2,4,43.3
208.0,66,,1,75.1,1,54.0
209.0,66,,1,66.9,2,53.9
210.0,66,,1,64.6,3,37.4
211.0,66,,0,64.0,3,52.8
212.0,66,1.0,2,56.2,4,46.2
213.0,66,,1,60.9,3,51.0
214.0,66,,1,56.4,3,51.5
215.0,66,,1,53.9,2,62.2
216.0,66,3.0,3,48.1,2,50.4
217.0,66,1.0,2,58.6,3,51.3
218.0,66,2.0,2,64.2,2,46.8
219.0,66,1.0,1,54.2,2,57.1
220.0,66,6.0,3,49.5,2,46.6
221.0,66,,0,72.0,0,62.0
222.0,66,3.0,2,56.2,3,62.9
223.0,66,4.0,4,54.8,1,47.5
224.0,66,3.0,1,64.7,1,50.2
225.0,66,2.0,3,39.5,3,44.6
226.0,66,1.0,1,52.2,0,64.7
227.0,66,3.0,1,56.9,2,48.6
228.0,66,1.0,2,44.1,2,57.1
229.0,66,1.0,1,48.1,3,46.8
230.0,66,,1,56.4,2,52.0
231.0,66,4.0,4,46.1,3,45.0
232.0,66,1.0,1,53.5,2,53.0
233.0,66,,4,54.9,1,48.8
234.0,66,,2,58.2,4,43.5
235.0,66,2.0,4,42.4,3,55.1
236.0,66,,2,50.1,2,58.2
237.0,66,1.0,1,60.2,3,54.4
238.0,66,2.0,2,59.5,4,52.2
239.0,66,2.0,2,44.6,6,43.7
240.0,66,,1,53.5,2,45.7
241.0,66,2.0,0,60.8,2,50.8
242.0,66,1.0,3,37.9,3,32.1
243.0,66,1.0,2,53.0,2,41.7
244.0,66,1.0,1,48.8,3,59.1
245.0,66,1.0,2,48.2,3,48.6
246.0,66,1.0,2,39.9,2,44.4
247.0,66,1.0,1,52.0,3,43.7
248.0,66,,1,51.7,2,49.5
249.0,66,,1,48.1,2,52.4
1.0,67,,2,33.4,5,31.0
2.0,67,1.0,3,43.2,3,40.4
3.0,67,1.0,2,50.2,2,44.2
4.0,67,3.0,3,39.0,2,56.8
5.0,67,2.0,2,54.9,3,50.6
6.0,67,1.0,2,43.2,2,61.3
7.0,67,2.0,2,52.8,2,53.0
8.0,67,3.0,2,45.0,3,46.6
9.0,67,3.0,1,43.7,1,38.4
10.0,67,3.0,2,39.5,3,46.2
11.0,67,3.0,1,49.3,2,50.2
12.0,67,3.0,2,56.4,1,55.5
13.0,67,3.0,3,48.6,1,50.8
14.0,67,3.0,3,45.7,3,44.4
15.0,67,,3,44.2,3,54.6
16.0,67,1.0,4,36.8,3,42.6
17.0,67,,1,21.8,2,50.1
18.0,67,1.0,2,58.0,2,46.6
19.0,67,4.0,1,58.6,2,54.6
20.0,67,1.0,3,40.3,2,39.5
21.0,67,1.0,2,38.4,1,33.9
22.0,67,1.0,3,41.2,2,51.1
23.0,67,,1,46.2,1,63.1
24.0,67,2.0,2,47.5,1,52.8
25.0,67,2.0,1,42.4,0,59.1
26.0,67,2.0,3,40.6,4,45.3
27.0,67,1.0,2,45.5,2,41.9
28.0,67,,3,40.3,3,49.5
29.0,67,1.0,3,43.0,1,46.8
30.0,67,,2,44.6,1,48.6
31.0,67,,2,39.0,1,49.3
32.0,67,2.0,1,49.1,2,38.4
33.0,67,,1,45.5,2,34.6
34.0,67,,2,43.5,1,42.8
35.0,67,1.0,2,31.7,3,37.7
36.0,67,4.0,2,64.2,1,55.3
37.0,67,,3,34.1,3,52.4
38.0,67,,4,29.6,3,43.2
39.0,67,1.0,3,35.9,1,42.4
40.0,67,4.0,1,45.2,1,40.6
41.0,67,1.0,4,39.9,1,44.6
42.0,67,2.0,5,36.6,1,44.1
43.0,67,,3,34.6,3,46.6
44.0,67,,3,47.5,0,62.7
45.0,67,1.0,2,47.5,1,49.7
46.0,67,,1,30.8,2,42.3
47.0,67,,1,51.3,1,42.3
48.0,67,3.0,2,53.0,2,43.3
49.0,67,2.0,3,51.3,3,39.4
50.0,67,,0,60.0,0,45.3
51.0,67,,2,58.0,3,51.1
52.0,67,,0,65.1,1,58.2
53.0,67,,1,50.4,0,38.4
54.0,67,,1,57.9,0,37.9
55.0,67,,5,36.3,3,32.5
56.0,67,3.0,3,37.9,4,32.1
57.0,67,,4,46.8,3,34.5
58.0,67,,3,41.0,5,28.7
59.0,67,2.0,4,36.6,2,41.3
60.0,67,1.0,3,35.4,3,35.4
61.0,67,4.0,3,43.2,4,27.9
62.0,67,,3,50.4,4,29.0
63.0,67,4.0,2,39.9,4,40.3
64.0,67,4.0,2,42.3,2,46.8
65.0,67,2.0,2,47.7,2,48.8
66.0,67,1.0,2,46.2,1,60.0
67.0,67,,1,60.0,1,57.1
68.0,67,2.0,3,49.1,3,50.2
69.0,67,2.0,3,43.0,2,48.4
70.0,67,3.0,0,57.5,2,39.4
71.0,67,5.0,5,41.0,2,54.9
72.0,67,1.0,2,48.8,2,33.6
73.0,67,3.0,2,50.1,2,54.4
74.0,67,4.0,2,46.4,1,64.7
75.0,67,4.0,3,35.5,3,66.4
76.0,67,4.0,2,49.3,1,59.5
77.0,67,5.0,2,54.2,1,63.7
78.0,67,4.0,3,48.1,2,47.5
79.0,67,2.0,4,27.6,2,46.8
80.0,67,6.0,3,41.2,4,22.8
81.0,67,5.0,1,44.1,3,35.7
82.0,67,2.0,3,54.4,4,39.0
83.0,67,2.0,2,53.0,1,42.4
84.0,67,1.0,2,45.2,1,35.5
85.0,67,4.0,3,53.5,2,65.1
86.0,67,1.0,1,41.2,2,36.8
87.0,67,,1,64.7,2,43.0
88.0,67,,4,44.1,1,43.0
89.0,67,2.0,3,47.5,4,38.3
90.0,67,2.0,4,44.4,1,41.2
91.0,67,,2,64.6,2,38.8
92.0,67,1.0,1,68.5,2,41.0
93.0,67,,4,38.6,4,35.0
94.0,67,2.0,3,39.7,2,38.3
95.0,67,1.0,3,36.6,4,35.4
96.0,67,4.0,2,41.3,2,47.2
97.0,67,1.0,3,53.3,1,43.7
98.0,67,,2,56.2,3,32.8
99.0,67,2.0,2,47.5,2,36.4
100.0,67,1.0,1,52.0,2,42.4
101.0,67,,2,49.1,0,32.1
102.0,67,1.0,4,55.3,3,41.7
103.0,67,3.0,3,39.7,4,20.9
104.0,67,1.0,4,45.2,1,45.5
105.0,67,2.0,2,66.0,1,49.7
106.0,67,2.0,2,49.3,2,40.8
107.0,67,1.0,2,48.6,4,34.8
108.0,67,2.0,2,48.4,3,37.7
109.0,67,,2,31.4,2,39.9
110.0,67,,3,26.5,5,34.5
111.0,67,,4,46.8,2,32.1
112.0,67,5.0,4,31.7,4,17.2
113.0,67,,3,42.6,3,43.2
114.0,67,,3,36.4,3,21.4
115.0,67,3.0,1,51.5,1,56.0
116.0,67,2.0,1,41.5,0,51.3
117.0,67,3.0,1,61.7,2,50.2
118.0,67,2.0,2,60.8,0,48.8
119.0,67,1.0,1,49.1,2,24.7
120.0,67,,1,49.1,2,35.0
121.0,67,1.0,2,53.1,3,17.0
122.0,67,,2,47.3,3,17.6
123.0,67,,1,41.5,3,20.1
124.0,67,,2,35.4,2,29.6
125.0,67,1.0,3,51.5,1,54.9
126.0,67,,2,38.3,5,24.8
127.0,67,1.0,2,58.2,3,35.7
128.0,67,1.0,1,37.5,2,38.3
129.0,67,,2,39.4,2,51.1
130.0,67,,2,43.0,1,58.2
131.0,67,1.0,1,51.1,4,35.2
132.0,67,,3,56.8,3,40.3
133.0,67,,1,42.3,2,29.6
134.0,67,,1,66.6,1,37.9
135.0,67,,3,46.8,3,39.7
136.0,67,,4,37.9,2,37.7
137.0,67,2.0,2,45.0,2,39.0
138.0,67,2.0,2,51.0,2,31.0
139.0,67,2.0,3,39.0,2,26.8
140.0,67,3.0,2,43.0,1,33.6
141.0,67,1.0,4,47.3,2,28.1
142.0,67,1.0,3,49.7,1,35.7
143.0,67,1.0,4,38.8,1,33.2
144.0,67,1.0,2,48.6,0,29.0
145.0,67,1.0,2,49.5,2,43.3
146.0,67,1.0,2,52.4,2,39.2
147.0,67,1.0,3,49.7,1,41.0
148.0,67,1.0,3,37.4,1,48.8
149.0,67,,5,24.8,3,35.0
150.0,67,,4,28.5,3,35.4
151.0,67,,2,31.0,1,46.2
152.0,67,,2,34.5,0,50.6
153.0,67,,1,40.6,1,49.1
154.0,67,3.0,2,45.0,0,24.8
155.0,67,,3,35.0,0,47.5
156.0,67,,4,29.6,0,41.2
157.0,67,,4,50.6,2,39.9
158.0,67,,3,40.6,1,43.2
159.0,67,,2,44.6,4,33.9
160.0,67,1.0,1,47.0,4,37.7
161.0,67,3.0,3,48.2,2,23.4
162.0,67,2.0,2,51.7,2,30.6
163.0,67,2.0,2,33.2,3,21.4
164.0,67,1.0,2,39.2,2,26.5
165.0,67,2.0,4,51.3,1,47.2
166.0,67,,3,29.4,3,18.1
167.0,67,1.0,3,33.7,1,27.4
168.0,67,1.0,4,30.6,0,41.9
169.0,67,,3,42.8,3,31.7
170.0,67,1.0,2,29.2,2,46.4
171.0,67,1.0,3,36.4,3,39.7
172.0,67,1.0,3,43.2,1,45.2
173.0,67,,3,36.3,2,40.4
174.0,67,2.0,4,31.7,1,41.3
175.0,67,1.0,4,28.7,2,35.0
176.0,67,3.0,3,32.5,1,44.6
177.0,67,2.0,3,29.4,2,34.1
178.0,67,2.0,3,31.0,3,34.6
179.0,67,,5,33.9,3,45.3
180.0,67,4.0,3,30.1,0,37.0
181.0,67,,2,41.7,2,44.4
182.0,67,1.0,3,51.1,2,38.4
183.0,67,,2,42.8,1,58.4
184.0,67,2.0,2,39.2,2,47.3
185.0,67,2.0,4,35.4,1,53.9
186.0,67,1.0,4,37.5,3,46.4
187.0,67,1.0,2,43.5,2,36.4
188.0,67,1.0,2,39.5,4,38.3
189.0,67,1.0,4,26.1,2,45.5
190.0,67,4.0,3,35.5,3,44.8
191.0,67,2.0,4,27.6,3,48.1
192.0,67,3.0,2,31.9,2,42.3
193.0,67,4.0,5,36.4,1,56.0
194.0,67,2.0,3,47.5,2,61.1
195.0,67,3.0,2,53.5,1,49.3
196.0,67,,1,47.2,1,53.0
197.0,67,2.0,3,34.1,1,39.7
198.0,67,2.0,3,34.8,0,43.7
199.0,67,3.0,2,49.1,2,47.0
200.0,67,1.0,2,45.3,1,46.4
201.0,67,3.0,2,49.3,1,54.0
202.0,67,3.0,4,37.9,5,34.1
203.0,67,,3,43.5,2,50.8
204.0,67,1.0,3,35.0,4,39.5
205.0,67,1.0,2,54.4,2,68.4
206.0,67,2.0,3,47.0,3,45.0
207.0,67,4.0,4,50.2,3,45.2
208.0,67,,2,45.7,1,53.5
209.0,67,1.0,3,32.5,2,37.5
210.0,67,3.0,3,42.4,5,35.0
211.0,67,4.0,3,27.2,4,41.5
212.0,67,3.0,2,42.3,4,42.3
213.0,67,3.0,1,50.4,3,46.8
214.0,67,2.0,3,44.2,2,48.1
215.0,67,2.0,5,46.6,2,29.7
216.0,67,2.0,3,45.7,2,47.5
217.0,67,,2,35.4,3,29.4
218.0,67,,3,41.9,2,24.3
219.0,67,1.0,2,39.0,1,48.4
220.0,67,2.0,4,40.4,1,56.6
221.0,67,3.0,5,20.1,3,35.4
222.0,67,1.0,3,42.3,2,38.4
223.0,67,1.0,1,36.3,0,43.5
224.0,67,,1,48.8,1,50.2
225.0,67,2.0,4,43.7,3,50.1
226.0,67,,2,51.1,1,53.9
227.0,67,2.0,3,44.8,2,58.0
228.0,67,,4,36.8,2,54.0
229.0,67,1.0,5,32.8,3,50.2
230.0,67,2.0,3,33.7,3,58.6
231.0,67,1.0,4,38.4,1,65.6
232.0,67,,3,46.6,1,52.0
233.0,67,,3,46.4,2,53.9
234.0,67,,3,47.2,2,47.5
235.0,67,,4,47.2,3,38.4
236.0,67,1.0,4,45.5,3,66.7
237.0,67,1.0,4,31.2,3,45.5
238.0,67,3.0,4,42.8,3,36.3
239.0,67,3.0,4,27.7,3,38.3
240.0,67,3.0,2,29.9,5,32.1
241.0,67,4.0,2,40.8,1,37.4
242.0,67,2.0,4,43.2,3,49.0
243.0,67,3.0,2,49.3,2,39.5
244.0,67,3.0,2,37.9,2,52.4
245.0,67,2.0,2,67.3,3,58.0
246.0,67,1.0,3,41.7,2,47.0
247.0,67,,4,38.3,0,73.6
248.0,67,1.0,1,48.8,1,53.3
249.0,67,1.0,0,54.4,1,51.3
250.0,67,,0,55.3,3,45.3
251.0,67,3.0,2,27.9,3,36.8
252.0,67,2.0,5,46.1,2,46.1
253.0,67,2.0,2,40.4,2,54.2
254.0,67,1.0,4,36.6,2,41.2
255.0,67,2.0,3,41.2,2,37.5
256.0,67,2.0,2,51.0,1,63.7
257.0,67,2.0,3,41.7,1,63.3
258.0,67,3.0,2,41.5,4,44.8
259.0,67,1.0,2,42.3,1,60.8
260.0,67,1.0,2,45.5,1,67.3
261.0,67,3.0,4,40.6,2,54.6
262.0,67,4.0,2,41.0,2,48.6
263.0,67,4.0,4,46.8,3,57.3
264.0,67,6.0,3,38.3,3,45.2
265.0,67,4.0,4,42.8,3,66.7
266.0,67,2.0,3,52.4,4,49.1
267.0,67,1.0,3,56.8,3,54.4
268.0,67,1.0,2,61.8,3,51.3
269.0,67,2.0,2,48.6,4,39.2
270.0,67,,0,54.0,0,61.7
271.0,67,,1,44.8,3,44.1
272.0,67,,2,44.2,3,46.6
273.0,67,3.0,4,43.3,5,50.1
274.0,67,1.0,1,54.9,4,50.1
275.0,67,3.0,3,50.2,4,50.8
276.0,67,1.0,3,56.8,3,59.5
277.0,67,4.0,4,47.3,2,66.7
278.0,67,3.0,2,45.0,3,47.7
279.0,67,1.0,3,38.4,4,52.2
280.0,67,1.0,3,35.9,5,41.2
281.0,67,3.0,2,40.8,2,50.1
282.0,67,2.0,3,32.1,1,53.9
283.0,67,1.0,3,41.0,2,41.4
284.0,67,1.0,5,36.3,6,54.6
285.0,67,2.0,2,43.5,2,70.7
286.0,67,2.0,5,38.4,5,52.6
287.0,67,2.0,3,42.3,2,59.3
288.0,67,1.0,4,44.2,3,65.3
289.0,67,3.0,3,43.5,3,62.4
290.0,67,3.0,4,44.8,3,56.8
291.0,67,1.0,2,55.9,3,45.4
292.0,67,4.0,5,30.8,4,36.3
293.0,67,2.0,3,53.3,2,36.9
294.0,67,2.0,5,51.3,2,34.0
295.0,67,2.0,4,50.8,3,32.6
296.0,67,,5,49.0,4,33.8
297.0,67,1.0,2,45.2,2,28.3
298.0,67,1.0,2,49.5,2,32.3
299.0,67,3.0,2,44.2,2,17.3
300.0,67,,3,50.1,3,29.6
301.0,67,1.0,2,49.5,3,26.9
302.0,67,4.0,3,49.5,3,33.4
303.0,67,1.0,1,55.3,1,41.9
304.0,67,1.0,1,59.8,1,41.5
305.0,67,2.0,2,39.2,2,44.0
306.0,67,2.0,4,53.5,2,33.3
307.0,67,1.0,4,44.8,2,30.7
308.0,67,1.0,2,56.6,1,44.4
309.0,67,1.0,3,39.5,2,49.7
310.0,67,1.0,1,51.7,2,46.2
311.0,67,1.0,2,31.6,3,43.9
312.0,67,,3,49.0,2,49.5
313.0,67,2.0,2,54.0,3,40.1
314.0,67,2.0,3,52.8,2,46.8
315.0,67,2.0,3,50.6,3,42.2
316.0,67,1.0,2,56.0,2,36.4
317.0,67,1.0,2,56.2,2,42.1
318.0,67,4.0,3,51.5,3,39.4
319.0,67,1.0,2,52.4,2,36.8
320.0,67,3.0,1,51.0,3,29.2
321.0,67,,2,48.8,2,29.1
322.0,67,1.0,2,45.3,2,30.0
323.0,67,1.0,3,53.3,1,44.5
324.0,67,2.0,2,44.4,2,25.8
325.0,67,3.0,1,72.7,2,51.5
326.0,67,1.0,3,50.1,2,27.8
327.0,67,3.0,2,45.5,4,40.6
328.0,67,1.0,4,54.0,4,33.7
329.0,67,2.0,3,41.7,3,38.6
330.0,67,,3,42.3,2,43.5
331.0,67,3.0,1,49.1,2,42.4
332.0,67,2.0,3,42.8,2,48.0
333.0,67,,1,59.8,0,37.8
334.0,67,3.0,3,37.0,1,45.4
335.0,67,3.0,3,47.2,3,46.8
336.0,67,1.0,2,55.3,2,51.5
337.0,67,1.0,2,46.8,1,56.7
338.0,67,,1,54.2,2,39.6
339.0,67,1.0,3,44.2,5,31.1
340.0,67,1.0,2,45.2,4,30.9
341.0,67,,1,38.3,3,27.3
342.0,67,2.0,3,35.7,3,18.4
343.0,67,3.0,4,47.7,4,39.8
344.0,67,4.0,2,43.5,4,23.1
345.0,67,1.0,2,54.4,1,54.7
346.0,67,1.0,3,46.1,3,37.7
347.0,67,2.0,3,37.7,3,40.2
348.0,67,,1,48.6,2,36.5
349.0,67,,4,33.4,3,38.5
350.0,67,1.0,3,26.7,5,26.8
351.0,67,,2,35.2,4,27.6
352.0,67,1.0,2,33.0,4,37.1
353.0,67,3.0,4,44.8,3,35.5
354.0,67,3.0,5,40.4,4,35.2
355.0,67,1.0,1,53.1,2,22.1
356.0,67,1.0,2,43.0,3,40.3
357.0,67,2.0,3,37.0,3,20.6
358.0,67,3.0,2,39.2,3,37.2
359.0,67,1.0,1,44.4,3,32.2
360.0,67,1.0,1,54.6,5,18.9
361.0,67,,3,58.2,4,29.9
362.0,67,1.0,2,58.8,4,34.3
363.0,67,3.0,2,50.2,4,28.9
364.0,67,1.0,3,44.8,3,35.8
365.0,67,2.0,3,47.0,1,54.7
366.0,67,,2,53.5,3,45.0
367.0,67,1.0,3,39.7,5,29.2
368.0,67,3.0,4,47.7,3,35.4
369.0,67,2.0,2,39.2,2,46.6
370.0,67,2.0,2,38.8,3,33.9
371.0,67,1.0,1,44.6,3,49.1
372.0,67,1.0,1,45.0,1,45.0
373.0,67,1.0,2,44.1,3,43.5
374.0,67,2.0,6,33.4,2,35.8
375.0,67,2.0,3,49.7,4,27.3
376.0,67,3.0,1,41.9,2,36.7
377.0,67,2.0,5,34.8,2,40.4
378.0,67,2.0,1,41.5,2,46.8
379.0,67,,1,48.1,4,35.0
380.0,67,3.0,2,35.4,4,25.7
381.0,67,,2,44.2,3,38.1
382.0,67,3.0,1,58.4,2,43.1
383.0,67,2.0,3,41.2,3,42.3
384.0,67,1.0,3,49.3,2,42.5
385.0,67,2.0,4,41.9,2,43.9
1.0,68,4.0,2,37.7,3,37.6
2.0,68,1.0,1,41.2,0,42.8
3.0,68,3.0,2,46.1,1,46.5
4.0,68,1.0,1,46.4,3,40.0
5.0,68,3.0,1,55.1,1,48.6
6.0,68,,0,51.1,1,52.2
7.0,68,,3,41.0,0,57.1
8.0,68,2.0,3,47.3,1,49.6
9.0,68,5.0,2,34.5,2,40.7
10.0,68,2.0,2,43.0,4,35.8
11.0,68,5.0,2,45.2,3,41.7
12.0,68,1.0,0,71.6,0,58.7
13.0,68,3.0,1,72.2,2,46.2
14.0,68,,0,76.0,3,43.7
15.0,68,1.0,1,58.4,1,48.4
16.0,68,2.0,1,46.6,2,42.5
17.0,68,2.0,3,51.7,2,64.8
18.0,68,1.0,4,49.1,1,60.7
19.0,68,,2,46.2,2,54.7
20.0,68,,3,43.0,2,48.9
21.0,68,,1,38.6,2,48.5
22.0,68,1.0,1,48.2,2,50.9
23.0,68,1.0,2,50.2,0,52.8
24.0,68,,2,51.1,0,60.5
25.0,68,,2,52.2,1,50.8
26.0,68,2.0,0,67.8,0,61.2
27.0,68,2.0,1,48.4,1,52.6
28.0,68,4.0,0,61.3,2,59.0
29.0,68,3.0,0,67.6,2,41.6
30.0,68,2.0,2,44.4,3,43.0
31.0,68,4.0,1,64.4,5,34.3
32.0,68,4.0,1,66.2,4,37.5
33.0,68,4.0,2,50.8,2,48.9
34.0,68,3.0,4,38.3,2,47.9
35.0,68,5.0,3,31.7,2,45.2
36.0,68,4.0,3,43.7,3,38.8
37.0,68,2.0,2,39.5,3,50.8
38.0,68,2.0,2,49.3,1,49.4
39.0,68,1.0,4,31.6,3,46.9
40.0,68,3.0,3,31.4,2,45.8
41.0,68,3.0,1,40.8,3,48.5
42.0,68,2.0,4,38.8,1,44.3
43.0,68,3.0,3,35.5,4,35.0
44.0,68,3.0,2,31.6,5,34.4
45.0,68,3.0,2,51.0,1,45.8
46.0,68,4.0,3,51.1,4,45.2
47.0,68,3.0,1,49.5,1,32.2
48.0,68,2.0,1,57.1,0,47.2
49.0,68,1.0,1,55.1,3,42.0
50.0,68,1.0,0,54.8,0,64.8
51.0,68,3.0,2,46.1,1,50.8
52.0,68,3.0,3,57.3,1,61.0
53.0,68,2.0,1,66.6,3,42.1
54.0,68,3.0,1,53.3,2,46.4
55.0,68,2.0,2,62.9,1,64.3
56.0,68,,2,53.5,1,55.8
57.0,68,,3,41.5,0,66.5
58.0,68,,2,51.0,0,52.6
59.0,68,3.0,1,51.3,2,47.7
60.0,68,,1,57.9,0,39.0
61.0,68,,1,44.8,1,36.6
62.0,68,,1,37.0,1,42.6
63.0,68,2.0,0,59.3,0,47.2
64.0,68,2.0,0,68.2,1,58.2
65.0,68,1.0,1,66.2,0,46.6
66.0,68,1.0,3,39.7,0,56.7
67.0,68,,4,43.7,0,54.5
68.0,68,5.0,2,33.4,0,50.8
69.0,68,3.0,3,31.7,1,39.0
70.0,68,,0,35.7,0,44.3
71.0,68,4.0,2,35.0,0,51.8
72.0,68,3.0,4,24.8,0,40.7
73.0,68,3.0,3,42.6,1,54.7
74.0,68,2.0,4,44.4,0,49.4
75.0,68,5.0,4,42.6,3,53.5
76.0,68,2.0,1,30.6,1,42.8
77.0,68,5.0,1,53.3,1,48.3
78.0,68,3.0,2,38.4,1,50.7
79.0,68,6.0,1,43.3,2,50.8
80.0,68,4.0,1,44.6,2,41.8
81.0,68,4.0,2,48.1,0,50.2
82.0,68,3.0,2,3.6,4,23.4
83.0,68,4.0,4,16.0,3,38.2
84.0,68,3.0,3,40.8,1,53.0
85.0,68,4.0,3,42.6,1,52.0
86.0,68,2.0,2,53.1,0,53.7
87.0,68,1.0,4,45.5,4,46.0
88.0,68,,3,53.1,2,54.8
89.0,68,2.0,5,39.9,1,56.2
90.0,68,1.0,3,37.9,1,68.9
91.0,68,3.0,2,58.0,1,45.2
92.0,68,2.0,3,48.4,1,54.0
93.0,68,2.0,3,37.7,4,35.4
94.0,68,3.0,2,44.6,3,32.0
95.0,68,1.0,1,50.4,3,34.0
96.0,68,4.0,2,19.2,4,22.2
97.0,68,,1,50.1,3,40.9
98.0,68,2.0,2,52.4,2,48.8
99.0,68,2.0,2,54.6,2,55.3
100.0,68,2.0,1,52.8,0,44.7
101.0,68,6.0,1,30.1,1,38.4
102.0,68,1.0,2,34.5,5,35.6
103.0,68,2.0,1,56.9,4,31.0
104.0,68,4.0,2,41.3,3,35.3
105.0,68,1.0,2,55.5,2,41.7
106.0,68,3.0,2,46.1,2,37.0
107.0,68,2.0,2,55.3,1,48.2
108.0,68,4.0,4,50.2,4,49.0
109.0,68,0.0,1,41.9,0,48.8
110.0,68,0.0,1,42.6,0,48.7
111.0,68,0.0,1,50.8,0,46.7
112.0,68,0.0,1,56.6,0,40.9
113.0,68,3.0,3,58.9,3,45.2
114.0,68,2.0,2,55.3,3,37.3
115.0,68,2.0,2,46.6,3,38.5
116.0,68,4.0,2,52.4,3,45.4
117.0,68,2.0,2,39.5,5,35.3
118.0,68,5.0,2,46.8,2,41.3
119.0,68,4.0,1,69.6,2,51.8
120.0,68,4.0,2,51.3,3,51.8
121.0,68,1.0,2,45.0,3,42.7
122.0,68,1.0,2,42.6,3,47.9
123.0,68,1.0,0,53.3,2,42.7
124.0,68,5.0,2,38.3,3,32.4
125.0,68,2.0,1,60.9,0,44.5
126.0,68,5.0,3,32.8,2,41.5
127.0,68,6.0,3,33.4,2,33.7
128.0,68,5.0,3,34.6,2,45.0
129.0,68,3.0,3,37.4,2,50.3
130.0,68,3.0,3,41.9,3,47.4
131.0,68,,2,51.0,2,34.2
132.0,68,3.0,2,46.2,3,31.8
133.0,68,3.0,1,51.1,1,64.5
134.0,68,2.0,3,41.3,2,30.0
135.0,68,,2,39.4,2,42.7
136.0,68,,4,35.4,2,40.2
137.0,68,4.0,3,43.7,3,36.3
138.0,68,1.0,2,34.8,3,35.8
139.0,68,4.0,3,39.0,3,33.2
140.0,68,3.0,2,43.2,1,45.1
141.0,68,1.0,2,24.7,4,23.8
142.0,68,,2,47.2,3,36.1
143.0,68,3.0,2,41.9,4,38.0
144.0,68,,1,56.9,3,46.8
145.0,68,2.0,2,55.5,1,43.1
146.0,68,4.0,2,43.3,5,40.1
147.0,68,1.0,2,44.4,2,46.0
148.0,68,3.0,2,42.6,3,47.9
149.0,68,4.0,2,44.1,4,32.0
150.0,68,4.0,1,37.9,3,45.1
151.0,68,4.0,1,48.1,3,37.9
152.0,68,3.0,3,39.4,3,30.9
153.0,68,4.0,3,35.9,3,43.8
154.0,68,,4,42.3,0,45.5
155.0,68,1.0,5,30.6,3,53.0
156.0,68,,4,37.9,3,53.8
157.0,68,1.0,4,37.5,3,53.8
158.0,68,1.0,3,38.6,2,47.5
159.0,68,3.0,1,52.8,2,52.8
160.0,68,2.0,1,47.2,2,50.5
161.0,68,,2,47.7,4,34.0
1.0,69,1.0,3,35.9,1,51.9
2.0,69,1.0,1,44.7,1,60.3
3.0,69,,2,35.2,0,49.1
4.0,69,,1,33.9,3,42.1
5.0,69,,1,35.8,0,55.0
6.0,69,,0,43.2,1,42.1
7.0,69,3.0,1,47.8,2,42.3
8.0,69,3.0,3,25.6,1,54.3
9.0,69,4.0,4,22.3,2,41.9
10.0,69,4.0,1,32.4,1,63.1
11.0,69,2.0,1,25.6,3,41.0
12.0,69,4.0,0,42.0,2,39.4
13.0,69,4.0,1,36.4,2,53.2
14.0,69,3.0,0,36.0,2,37.7
15.0,69,5.0,6,24.0,2,50.1
16.0,69,3.0,3,31.1,0,53.0
17.0,69,3.0,5,24.6,0,52.1
18.0,69,1.0,2,20.3,0,51.5
19.0,69,1.0,2,24.3,1,56.0
20.0,69,3.0,2,28.3,2,45.9
21.0,69,2.0,1,33.5,1,60.2
22.0,69,2.0,1,46.2,3,53.0
23.0,69,2.0,3,35.6,1,48.8
24.0,69,1.0,4,37.0,0,52.8
25.0,69,,1,32.1,0,62.9
26.0,69,,1,33.0,1,38.7
27.0,69,1.0,1,44.4,1,53.7
28.0,69,1.0,1,31.1,3,36.4
29.0,69,,4,28.2,0,41.2
30.0,69,1.0,2,42.5,2,40.9
31.0,69,1.0,3,31.0,0,44.9
32.0,69,1.0,1,20.6,2,41.6
33.0,69,,3,27.5,3,42.4
34.0,69,,1,30.9,1,30.7
35.0,69,,1,33.4,0,56.5
36.0,69,,1,43.8,2,42.4
37.0,69,,3,32.4,0,54.1
38.0,69,1.0,4,21.9,3,38.2
39.0,69,,1,36.5,2,48.0
40.0,69,3.0,3,31.0,3,45.4
41.0,69,2.0,2,40.1,3,43.2
42.0,69,,0,26.1,2,27.0
43.0,69,,0,40.1,1,52.8
44.0,69,1.0,2,34.6,0,56.2
45.0,69,1.0,0,44.8,0,46.8
46.0,69,,4,33.4,0,46.3
47.0,69,2.0,4,37.6,0,50.1
48.0,69,4.0,5,18.8,2,43.5
49.0,69,5.0,1,38.5,2,42.4
50.0,69,,2,41.2,4,49.8
51.0,69,2.0,4,28.8,2,46.9
52.0,69,3.0,4,36.5,2,25.3
53.0,69,5.0,4,26.7,3,38.3
54.0,69,5.0,5,31.7,3,35.1
55.0,69,1.0,4,26.6,1,44.7
56.0,69,1.0,2,34.8,4,34.4
57.0,69,4.0,4,33.5,6,30.6
58.0,69,3.0,2,39.7,0,56.0
59.0,69,2.0,3,28.1,5,32.5
60.0,69,4.0,2,28.5,4,48.7
61.0,69,2.0,2,32.0,4,30.9
62.0,69,6.0,4,24.6,4,41.3
63.0,69,1.0,4,39.0,0,53.3
64.0,69,1.0,5,37.1,1,66.4
65.0,69,1.0,4,34.6,1,46.8
66.0,69,3.0,4,26.1,1,49.8
67.0,69,5.0,2,26.4,1,39.3
68.0,69,3.0,2,32.3,2,53.2
69.0,69,4.0,1,42.2,2,39.9
70.0,69,2.0,1,36.5,2,36.5
71.0,69,,0,41.0,1,50.0
72.0,69,1.0,0,40.1,1,33.3
73.0,69,1.0,1,37.7,0,52.1
74.0,69,4.0,0,40.4,3,38.0
75.0,69,1.0,1,33.3,1,50.0
76.0,69,1.0,1,38.5,0,54.4
77.0,69,1.0,2,41.9,2,46.2
78.0,69,2.0,3,34.7,2,39.7
79.0,69,1.0,1,34.4,2,51.7
80.0,69,1.0,2,40.9,2,45.4
81.0,69,2.0,4,32.9,2,48.3
82.0,69,1.0,2,35.5,0,56.6
83.0,69,,1,35.7,0,57.6
84.0,69,4.0,4,32.4,4,46.4
85.0,69,,1,44.0,0,57.8
86.0,69,2.0,5,24.9,0,58.6
87.0,69,2.0,1,37.5,4,22.4
88.0,69,1.0,3,35.9,3,44.7
89.0,69,1.0,0,58.2,0,42.4
90.0,69,1.0,3,33.1,2,54.2
91.0,69,1.0,1,40.6,1,47.2
92.0,69,1.0,0,62.2,0,40.8
93.0,69,,1,39.9,1,58.4
