nursery_id
plot_id
x
y
FID
lr
byd
yield_st
sgc_la
yield_la
1
60
1
2
1
1
3
5
32.6
4
35.7
2
60
10
11
1
10
NA
2
29.7
1
30.3
3
60
100
2
10
559
2
1
33.8
3
46.5
4
60
101
2
11
621
3
3
20.8
3
41.4
5
60
102
3
11
622
2
2
21.5
1
24.2
6
60
103
4
11
623
2
4
29.9
0
42.0
7
60
104
5
11
624
1
1
34.3
1
55.3
8
60
105
6
11
625
2
2
40.9
1
53.3
9
60
106
7
11
626
2
1
36.3
2
49.2
10
60
107
8
11
627
4
1
44.1
3
45.5
11
60
108
9
11
628
NA
2
44.9
2
57.7
12
60
109
10
11
629
5
2
33.2
4
48.5
13
60
11
11
2
72
NA
3
26.3
1
47.3
14
60
110
11
11
630
3
2
36.6
1
53.9
15
60
111
11
12
692
3
2
30.1
2
51.1
16
60
112
10
12
691
NA
3
30.8
3
45.6
17
60
113
9
12
690
4
1
47.3
4
45.6
18
60
114
8
12
689
3
4
31.3
4
42.5
19
60
115
7
12
688
2
2
38.7
4
46.6
20
60
116
6
12
687
3
2
39.9
0
59.2
21
60
117
5
12
686
2
3
35.6
0
52.5
22
60
118
4
12
685
1
4
33.5
1
49.8
23
60
119
3
12
684
3
4
29.3
5
32.9
24
60
12
10
2
71
1
2
43.4
1
53.6
25
60
120
2
12
683
4
4
20.9
1
65.4
26
60
121
2
13
745
1
2
36.3
4
51.9
27
60
122
3
13
746
3
1
28.1
1
58.6
28
60
123
4
13
747
NA
1
48.0
6
37.1
29
60
124
5
13
748
4
4
24.8
6
24.4
30
60
125
6
13
749
NA
5
31.0
0
62.9
31
60
126
7
13
750
NA
2
43.0
4
47.2
32
60
127
8
13
751
1
4
33.0
1
61.7
33
60
128
9
13
752
2
2
33.7
2
53.9
34
60
129
10
13
753
NA
3
34.5
0
60.8
35
60
13
9
2
70
NA
3
51.4
2
45.8
36
60
130
11
13
754
NA
3
40.9
3
42.1
37
60
131
11
14
816
NA
3
21.1
1
37.8
38
60
132
10
14
815
1
1
45.6
2
63.5
39
60
133
9
14
814
2
1
44.6
1
42.7
40
60
134
8
14
813
2
2
40.7
1
53.3
41
60
135
7
14
812
1
1
47.7
3
52.2
42
60
136
6
14
811
3
1
44.4
3
47.7
43
60
137
5
14
810
2
1
48.1
4
44.0
44
60
138
4
14
809
NA
5
28.7
2
40.7
45
60
139
3
14
808
NA
4
23.8
1
45.5
46
60
14
8
2
69
1
2
32.4
1
54.7
47
60
140
2
14
807
NA
3
24.3
2
42.4
48
60
141
2
15
869
1
2
28.7
4
49.1
49
60
142
3
15
870
1
3
27.0
4
45.2
50
60
143
4
15
871
1
1
50.9
2
51.0
51
60
144
5
15
872
NA
1
44.8
1
46.5
52
60
145
6
15
873
1
0
47.3
2
50.5
53
60
146
7
15
874
2
1
41.6
1
58.6
54
60
147
8
15
875
1
1
54.0
2
56.8
55
60
148
9
15
876
NA
2
29.6
3
39.1
56
60
149
10
15
877
2
2
44.2
3
58.6
57
60
15
7
2
68
3
5
32.9
5
32.0
58
60
150
11
15
878
2
1
47.2
1
61.6
59
60
151
11
16
940
3
1
46.5
2
55.7
60
60
152
10
16
939
2
1
49.7
4
55.6
61
60
153
9
16
938
NA
2
44.8
1
45.2
62
60
154
8
16
937
2
1
45.1
1
58.5
63
60
155
7
16
936
3
2
32.1
4
43.6
64
60
156
6
16
935
4
1
35.5
3
36.5
65
60
157
5
16
934
3
1
42.0
5
28.0
66
60
158
4
16
933
NA
3
23.3
1
57.2
67
60
159
3
16
932
2
4
22.4
1
39.1
68
60
16
6
2
67
4
5
34.3
6
30.9
69
60
160
2
16
931
3
3
23.0
3
42.5
70
60
161
2
17
993
NA
4
13.7
2
24.1
71
60
162
3
17
994
3
5
27.8
3
39.3
72
60
163
4
17
995
2
3
40.6
3
38.6
73
60
164
5
17
996
NA
1
44.8
1
58.7
74
60
165
6
17
997
1
2
43.1
2
55.7
75
60
166
7
17
998
4
1
38.2
5
41.4
76
60
167
8
17
999
3
2
37.9
1
71.3
77
60
168
9
17
1000
3
2
35.8
0
71.7
78
60
169
10
17
1001
2
2
33.9
3
46.2
79
60
17
5
2
66
1
4
35.0
0
53.3
80
60
170
11
17
1002
3
2
34.2
2
46.7
81
60
171
11
18
1064
NA
2
30.2
1
56.6
82
60
172
10
18
1063
1
2
34.0
5
40.7
83
60
173
9
18
1062
2
1
34.5
1
49.1
84
60
174
8
18
1061
NA
2
39.4
2
63.8
85
60
175
7
18
1060
3
2
40.7
2
48.5
86
60
176
6
18
1059
1
2
36.6
2
61.0
87
60
177
5
18
1058
3
5
31.3
4
34.0
88
60
178
4
18
1057
3
3
32.8
5
41.3
89
60
179
3
18
1056
3
4
16.2
4
30.6
90
60
18
4
2
65
2
4
38.9
1
64.6
91
60
180
2
18
1055
1
3
25.3
1
52.9
92
60
181
2
19
1117
3
2
19.8
2
48.2
93
60
182
3
19
1118
NA
3
34.7
0
55.9
94
60
183
4
19
1119
5
6
24.2
2
57.7
95
60
184
5
19
1120
NA
4
36.2
0
45.5
96
60
185
6
19
1121
3
2
38.7
0
63.4
97
60
186
7
19
1122
NA
3
28.0
0
51.8
98
60
187
8
19
1123
NA
3
29.6
1
68.5
99
60
188
9
19
1124
NA
2
43.7
0
50.9
100
60
189
10
19
1125
1
2
43.3
3
45.8
101
60
19
3
2
64
NA
4
38.3
1
47.8
102
60
190
11
19
1126
NA
1
42.6
2
50.6
103
60
191
11
20
1188
2
1
28.0
2
39.1
104
60
192
10
20
1187
NA
1
47.1
3
41.6
105
60
193
9
20
1186
2
2
38.4
3
24.1
106
60
194
8
20
1185
3
3
21.6
3
42.6
107
60
195
7
20
1184
4
1
34.2
2
50.0
108
60
196
6
20
1183
4
1
31.8
1
45.4
109
60
197
5
20
1182
4
2
36.0
2
36.7
110
60
198
4
20
1181
2
3
30.6
0
36.2
111
60
199
3
20
1180
4
4
24.8
2
30.4
112
60
2
3
1
2
4
3
28.0
2
67.5
113
60
20
2
2
63
2
3
19.2
2
60.8
114
60
200
2
20
1179
2
2
17.2
0
50.6
115
60
201
2
21
1241
3
4
10.7
1
52.2
116
60
202
3
21
1242
2
4
25.5
2
36.9
117
60
203
4
21
1243
2
3
31.9
3
45.6
Showing 1 to 13 of 1,951 entries, 10 total columns